0 1 0 1 0 0 0 0 0 0 0 0 0 0 0 0 0 0 0 0 0 0 0 0 0 0 1 0 0 0 0 0 0 0 0 0 0 1 0 1 0 1 1 0 0 1 0 0 0 0 0 0 0 0 0 1 0 0 0 0 0 1 0.360803 0 0.39801 0 0.530883 0.428164 0.283215 0.534742 0.126965 0.345581 0 0.530883 0 0.312858 0.475166 0.536641 0.585716 0.283387 0.228094 0.587978 0.254323 0.118128 0.456639 0.370929 0.621353 0.236621 0 0.496632 0.539765 0.144396 0.246197 0.456639 0.478371 0.242828 0.596971 0.397979 0.536571 0 0.662082 0 0.409912 0 0 0.383315 0.416166 0 0 0 0.483965 0 0.278523 0.339356 0.597081 0.469751 0.0743589 0 0.442438 0.437773 0.481516 0.241541 0 0
0 1 0 1 0 0 0 0 0 0 0 0 0 0 0 0 0 0 0 0 0 0 0 0 0 0 1 0 0 0 0 0 0 0 0 0 0 1 0 1 0 1 1 0 0 1 0 0 0 0 0 0 0 0 0 1 0 0 0 0 0 1 0.360803 0 0.39801 0 0 0 0.283215 0.721411 0.568837 0.345581 0.529533 0 0 0.312858 0.475166 0.536641 0 0.283387 0.228094 0.563347 0.505796 0.118128 0 0 0.235109 0.236621 0 0.0440345 0.373437 0.481783 0.246197 0 0 0.242828 0 0 0.536571 0 0 0 0.605542 0 0 0.383315 0.199752 0 0 0.547103 0 0 0.278523 0.339356 0.168769 0.469751 0.0743589 0 0 0.437773 0 0.0694998 0 0
0 1 0 1 0 0 0 0 0 0 0 0 0 0 0 0 0 0 0 0 0 0 0 0 0 0 1 0 0 0 0 0 0 0 0 0 0 1 0 1 0 1 1 0 0 1 0 0 0 0 0 0 0 0 0 1 0 0 0 0 0 1 0.360803 0 0.39801 0 0 0 0.283215 0.721411 0.568837 0.345581 0.529533 0 0 0.312858 0.475166 0.536641 0 0.283387 0.228094 0.563347 0.505796 0.118128 0 0 0.235109 0.236621 0 0.0440345 0.373437 0.481783 0.246197 0 0 0.242828 0 0 0.536571 0 0 0 0.605542 0 0 0.383315 0.199752 0 0 0.547103 0 0 0.278523 0.339356 0.168769 0.469751 0.0743589 0 0 0.437773 0 0.0694998 0 0
0 1 0 1 0 0 0 0 0 0 0 0 0 0 0 0 0 0 0 0 0 0 0 0 0 0 1 0 0 0 0 0 0 0 0 0 0 1 0 1 0 1 1 0 0 1 0 0 0 0 0 0 0 0 0 1 0 0 0 0 0 1 0 0 0 0 0 0 0 0 0 0 0 0 0 0 0 0 0 0 0 0 0 0 0 0 0 0 0 0 0 0 0 0 0 0 0 0 0 0 0 0 0 0 0 0 0 0 0 0 0 0 0 0 0 0 0 0 0 0 0 0 0 0
0 1 0 1 0 0 0 0 0 0 0 0 0 0 0 0 0 0 0 0 0 0 0 0 0 0 1 0 0 0 0 0 0 0 0 0 0 1 0 1 0 1 1 0 0 1 0 0 0 0 0 0 0 0 0 1 0 0 0 0 0 1 0.360803 0 0.121444 0 0 0 0.283215 0.403322 0.568837 0.345581 0.529533 0 0 0 0.475166 0.536641 0 0.0576314 0.228094 0.563347 0.505796 0 0 0 0.235109 0.236621 0 0.0440345 0.373437 0.481783 0.246197 0 0 0.242828 0 0 0.0366042 0 0 0 0.605542 0 0 0.383315 0.199752 0 0 0.547103 0 0 0.278523 0.339356 0.168769 0.469751 0.0743589 0 0 0.437773 0 0.0694998 0 0
0 1 0 1 0 0 0 0 0 0 0 0 0 0 0 0 0 0 0 0 0 0 0 0 0 0 1 0 0 0 0 0 0 0 0 0 0 1 0 1 0 1 1 0 0 1 0 0 0 0 0 0 0 0 0 1 0 0 0 0 0 1 0.360803 0 0.39801 0 0 0 0 0.403322 0.126965 0.345581 0 0 0 0.312858 0.168812 0.527107 0 0 0.228094 0.563347 0.505796 0.118128 0 0 0.235109 0 0 0.0440345 0 0.481783 0.246197 0 0 0.242828 0 0 0.536571 0 0 0 0.605542 0 0 0.383315 0.199752 0 0 0.547103 0 0 0.278523 0.339356 0.168769 0.469751 0.0743589 0 0 0.437773 0 0.0694998 0 0
0 1 0 1 0 0 0 0 0 0 0 0 0 0 0 0 0 0 0 0 0 0 0 0 0 0 1 0 0 0 0 0 0 0 0 0 0 1 0 1 0 1 1 0 0 1 0 0 0 0 0 0 0 0 0 1 0 0 0 0 0 1 0.360803 0 0 0 0 0 0.283215 0.721411 0.568837 0.345581 0.529533 0 0 0 0.43577 0.527107 0 0.283387 0.228094 0.563347 0.505796 0.118128 0 0 0.235109 0.236621 0 0.0440345 0.132467 0.481783 0.246197 0 0 0.242828 0 0 0.464144 0 0 0 0.409912 0 0 0.383315 0.199752 0 0 0.547103 0 0 0.278523 0.339356 0.168769 0.469751 0.0743589 0 0 0 0 0.0694998 0 0
0 1 0 1 0 0 0 0 0 0 0 0 0 0 0 0 0 0 0 0 0 0 0 0 0 0 1 0 0 0 0 0 0 0 0 0 0 1 0 1 0 1 1 0 0 1 0 0 0 0 0 0 0 0 0 1 0 0 0 0 0 1 0 0 0.39801 0 0 0 0.283215 0.721411 0.568837 0.345581 0.529533 0 0 0.312858 0.168812 0.536641 0 0.283387 0.228094 0.563347 0.254323 0.118128 0 0 0.235109 0.236621 0 0.0440345 0.373437 0.481783 0.246197 0 0 0.242828 0 0 0.0366042 0 0 0 0.605542 0 0 0.383315 0.199752 0 0 0.547103 0 0 0.278523 0.339356 0.168769 0.469751 0.0743589 0 0 0.437773 0 0.0694998 0 0
0 1 0 1 0 0 0 0 0 0 0 0 0 0 0 0 0 0 0 0 0 0 0 0 0 0 1 0 0 0 0 0 0 0 0 0 0 1 0 1 0 1 1 0 0 1 0 0 0 0 0 0 0 0 0 1 0 0 0 0 0 1 0.360803 0 0.39801 0 0 0 0.283215 0.721411 0.568837 0.345581 0.529533 0 0 0.312858 0.475166 0 0 0 0.228094 0.563347 0.109229 0.118128 0 0 0.235109 0.236621 0 0 0.373437 0.481783 0.246197 0 0 0.242828 0 0 0.536571 0 0 0 0.605542 0 0 0.383315 0.199752 0 0 0.547103 0 0 0.278523 0.339356 0.168769 0 0 0 0 0.437773 0 0.0694998 0 0
0 1 0 1 0 0 0 0 0 0 0 0 0 0 0 0 0 0 0 0 0 0 0 0 0 0 1 0 0 0 0 0 0 0 0 0 0 1 0 1 0 1 1 0 0 1 0 0 0 0 0 0 0 0 0 1 0 0 0 0 0 1 0.360803 0 0.39801 0 0 0 0.283215 0.721411 0.568837 0 0.529533 0 0 0.312858 0.475166 0.536641 0 0.283387 0.228094 0.343087 0.505796 0.118128 0 0 0.235109 0 0 0.0440345 0.373437 0.144396 0.246197 0 0 0.242828 0 0 0.176118 0 0 0 0.605542 0 0 0.383315 0.199752 0 0 0.547103 0 0 0.278523 0.339356 0.168769 0.469751 0.0743589 0 0 0.437773 0 0.0694998 0 0
