0.244759
0.227681
0.218029
0.236788
0.255736
0.259098
0.251889
0.208299
0.248744
0.0106997
0.271034
0.194563
0.201268
0.201861
0.19131
0.194435
0.184298
0.222568
0.203087
0.213599
0.227918
0.0106997
0.200051
0.185129
0.222806
0.219068
0.217812
0.221184
0.199953
0.243483
0.216655
0.194088
0.225317
0.229639
0.189381
0.202741
0.223379
0.200803
0.193673
0.204185
0.259127
0.23396
0.236334
0.196383
0.213411
0.244561
0.219582
0.215765
0.192744
0.245926
0.206143
0.222341
0.238737
0.171581
0.196274
0.192694
0.207162
0.166054
0.236749
0.2464
0.217614
0.186474
0.210771
0.166113
0.203809
0.235276
0.230479
0.226979
0.220808
0.237589
0.227928
0.199191
0.193545
0.197896
0.197925
0.216526
0.21173
0.240269
0.211394
0.193505
0.203087
0.171829
0.176595
0.189451
0.212106
0.207419
0.214786
0.199409
0.223636
0.209802
0.191774
0.220264
0.197648
0.0551996
0.187374
0.235384
0.222183
0.192427
0.229184
0.21437
0.271226
0.144981
0.178688
0.216648
0.235867
0.242824
0.25384
0.191812
0.25991
0.200424
0.261026
0.150721
0.229117
0.215034
0.164481
0.181237
0.200487
0.238378
0.187833
0.255214
0.137149
0.25957
0.20015
0.243185
0.221418
0.182093
0.228784
0.161377
0.144209
0.253877
0.257834
0.13929
0.158533
0.2473
0.179831
0.206229
0.235248
0.192057
0.218516
0.224851
0.154906
0.254554
0.197068
0.219609
0.238027
0.22727
0.186955
0.169647
0.251632
0.175994
0.251103
0.138309
0.220325
0.244504
0.228455
0.171917
0.15271
0.188632
0.213752
0.231639
0.131873
0.247617
0.216044
0.232835
0.150273
0.196782
0.238351
0.184029
0.191971
0.168853
0.246047
0.115159
0.134897
0.19769
0.232085
0.163269
0.153395
0.212632
0.181499
0.221645
0.244759
0.124817
0.140434
0.173569
0.18238
0.202594
0.237823
0.231133
0.219353
0.210049
0.2473
0.112382
0.228546
0.149553
0.222034
0.19707
0.210027
0.132599
0.1848
0.142329
0.272329
0.27045
0.269254
0.270391
0.265179
0.256329
0.268373
0.258949
0.257624
0.262282
0.272329
0.254618
0.255736
0.272329
0.269669
0.273021
0.272982
0.26604
0.272982
0.271518
0.27045
0.266999
0.268433
0.268433
0.272784
0.268433
0.268433
0.261184
0.268433
0.26511
0.26154
0.266346
0.268146
0.264151
0.245876
0.268146
0.270767
0.268146
0.268146
0.268146
0.270391
0.240645
0.242188
0.268077
0.270846
0.270846
0.272784
0.270846
0.271746
0.272784
0.236868
0.265179
0.266129
0.264022
0.265179
0.268314
0.266129
0.257001
0.260551
0.266129
0.256329
0.262035
0.256329
0.256329
0.256329
0.26508
0.262035
0.26508
0.272982
0.250999
0.260937
0.268373
0.270391
0.270391
0.268789
0.270391
0.268373
0.269214
0.267375
0.269214
0.254935
0.218049
0.230924
0.257605
0.253748
0.229065
0.229065
0.257605
0.239271
0.251968
0.257624
0.259137
0.253797
0.254539
0.253619
0.260156
0.257169
0.261817
0.265209
0.260156
0.262282
0.265901
0.264082
0.264448
0.264655
0.264655
0.264181
0.264655
0.264655
0.264655
0.272329
0.27045
0.269254
0.270391
0.265179
0.256329
0.268373
0.258949
0.257624
0.262282
0.271785
0.143896
0.170741
0.202999
0.231412
0.23275
0.252333
0.179701
0.257038
0.190413
0.265776
0.138656
0.232601
0.216671
0.167984
0.179297
0.198034
0.238214
0.182714
0.25911
0.122397
0.255537
0.199854
0.23768
0.218733
0.182978
0.230359
0.160341
0.143425
0.255458
0.263177
0.147774
0.151299
0.243639
0.179406
0.196768
0.232476
0.186641
0.211348
0.22247
0.144183
0.246782
0.188307
0.221344
0.234311
0.21745
0.186231
0.15947
0.246684
0.169098
0.254
0.141277
0.22241
0.242224
0.235333
0.167599
0.158938
0.185899
0.223179
0.235734
0.138125
0.265763
0.23603
0.238851
0.15965
0.215921
0.251263
0.185635
0.196945
0.185831
0.254778
0.133644
0.150528
0.197471
0.233696
0.156777
0.145607
0.212919
0.17064
0.211043
0.257624
0.138379
0.144944
0.166843
0.186105
0.19562
0.242525
0.23196
0.213367
0.210806
0.260965
0.129866
0.224977
0.147107
0.218695
0.193053
0.203104
0.143867
0.178074
0.152637
