0.244759 0
0.227681 0
0.218029 0
0.236788 0
0.255736 0
0.259098 0
0.251889 0
0.208299 0
0.248744 0
0.0106997 0
0.271034 0
0.194563 0
0.201268 0
0.201861 0
0.19131 0
0.194435 0
0.184298 0
0.222568 0
0.203087 0
0.213599 0
0.227918 0
0.0106997 0
0.200051 0
0.185129 0
0.222806 0
0.219068 0
0.217812 0
0.221184 0
0.199953 0
0.243483 0
0.216655 0
0.194088 0
0.225317 0
0.229639 0
0.189381 0
0.202741 0
0.223379 0
0.200803 0
0.193673 0
0.204185 0
0.259127 0
0.23396 0
0.236334 0
0.196383 0
0.213411 0
0.244561 0
0.219582 0
0.215765 0
0.192744 0
0.245926 0
0.206143 0
0.222341 0
0.238737 0
0.171581 0
0.196274 0
0.192694 0
0.207162 0
0.166054 0
0.236749 0
0.2464 0
0.217614 0
0.186474 0
0.210771 0
0.166113 0
0.203809 0
0.235276 0
0.230479 0
0.226979 0
0.220808 0
0.237589 0
0.227928 0
0.199191 0
0.193545 0
0.197896 0
0.197925 0
0.216526 0
0.21173 0
0.240269 0
0.211394 0
0.193505 0
0.203087 0
0.171829 0
0.176595 0
0.189451 0
0.212106 0
0.207419 0
0.214786 0
0.199409 0
0.223636 0
0.209802 0
0.191774 0
0.220264 0
0.197648 0
0.0551996 0
0.187374 0
0.235384 0
0.222183 0
0.192427 0
0.229184 0
0.21437 0
