0.0704571 0.0404989 0.0243868 0.260508 0.283694 0.269809 0.0782896 0.275499 0.0626994 0.0243868 0.0342517 0.27941 0.0528852 0.0488924 0.0561136 0.305797 0.0464931 0.30758 0.0866657 0.0427018 0.377213 0.0728897 0.0410368 0.324599 0.318047 0.172726 0.0420772 0.207971 0.377213 0.264388 0.0514387 0.044499 0.0245758 0.113516 0.0529857 0.0911373 0.0385696 0.0509438 0.0249082 0.117335 0.219709 0.0272019 0.057137 0.040375 0.0540046 0.0150026 0.291297 0.269115 0.249185 0.0434716 0.0640213 0.240345
0.0890815 0.0426543 0.0553407 0.00507218 0.00760817 0.0355625 0.222538 0.00675205 0.0591508 0.0553407 0.091314 0.0078733 0.146267 0.119779 0.119351 0.0107787 0.10567 0.0261569 0.118078 0.102581 0.00534767 0.0914666 0.112035 0.00657645 0.0145437 0.104495 0.095968 0.0523893 0.00534767 0.00373196 0.112021 0.113407 0.0667563 0.104421 0.114662 0.103794 0.099834 0.0856972 0.0866424 0.0738745 0.00503162 0.093267 0.108391 0.0888077 0.116877 0.0402242 0.016879 0.0033968 0.011722 0.112915 0.238474 0.00168541
0.0161899 0.00695318 0.00319393 0.0821474 0.117221 0.146177 0.0204206 0.110986 0.0123556 0.00319393 0.00576229 0.113339 0.0116301 0.0108523 0.011715 0.220012 0.00891658 0.132406 0.0244667 0.00788761 0.205529 0.0184895 0.00721276 0.424651 0.33246 0.0702968 0.00741531 0.0735024 0.205529 0.0810659 0.0114615 0.00853421 0.00321792 0.0474567 0.0108192 0.0329753 0.00739843 0.00960625 0.0035689 0.0321888 0.0588169 0.00390034 0.0116313 0.00729982 0.0126177 0.00219454 0.12822 0.075694 0.0989033 0.00638189 0.0159321 0.0537448
0.183591 0.186385 0.178794 0.0193455 0.0251256 0.0887097 0.196877 0.0224587 0.167077 0.178794 0.410375 0.025186 0.250251 0.185753 0.271528 0.0289992 0.218452 0.0648426 0.213885 0.244154 0.0183004 0.194574 0.21896 0.0207993 0.0381723 0.141165 0.230253 0.109491 0.0183004 0.0149675 0.279511 0.316119 0.233486 0.167204 0.282875 0.21251 0.28547 0.261637 0.428718 0.152933 0.0207521 0.462838 0.233203 0.20094 0.271377 0.25606 0.0446133 0.0150045 0.0344756 0.369121 0.184721 0.00858632
0.0237492 0.0111417 0.0166693 0.150808 0.126478 0.0461673 0.0360626 0.128012 0.0145964 0.0166693 0.0197906 0.123578 0.0291142 0.0296542 0.0314455 0.091644 0.0276251 0.0500559 0.0449779 0.0277689 0.0750148 0.0819165 0.0248761 0.0349588 0.0428827 0.0356749 0.0231364 0.0277058 0.0750148 0.107683 0.0300984 0.0268196 0.0127673 0.149685 0.0282121 0.0504901 0.0233603 0.0237547 0.0150533 0.0232919 0.246511 0.0164188 0.0279141 0.0285094 0.0295607 0.00916672 0.0961273 0.133552 0.199277 0.0211828 0.0545969 0.086575
0.0216272 0.00977341 0.00448274 0.45459 0.394922 0.168561 0.0252968 0.42005 0.0168912 0.00448274 0.00779073 0.405614 0.0154421 0.0145061 0.0156131 0.288351 0.011947 0.205365 0.0314616 0.010747 0.290822 0.0265802 0.00979099 0.15154 0.169911 0.0793272 0.010094 0.100118 0.290822 0.506021 0.0152244 0.0115412 0.00445195 0.0693953 0.0143193 0.0418066 0.0100058 0.0127949 0.00490985 0.0417437 0.424558 0.00536525 0.0157063 0.0101013 0.0165379 0.003047 0.314213 0.481994 0.351683 0.00858479 0.0220659 0.598278
0.266513 0.305017 0.07578 0.0138651 0.0248352 0.13557 0.107566 0.0188328 0.341224 0.07578 0.104643 0.0244906 0.136866 0.117583 0.142732 0.0279629 0.115692 0.139744 0.165712 0.108294 0.014529 0.0722699 0.112038 0.0202996 0.0460153 0.194916 0.142382 0.269093 0.014529 0.012221 0.129704 0.1325 0.127006 0.0817301 0.145162 0.138917 0.113629 0.211293 0.0803586 0.30954 0.0105578 0.0881904 0.17149 0.099967 0.134362 0.0857312 0.0633994 0.0118765 0.0238405 0.127602 0.0782774 0.00614581
0.176196 0.106688 0.377514 0.0102723 0.0146382 0.0671679 0.205601 0.0129264 0.153339 0.377514 0.210052 0.0149496 0.209969 0.241194 0.210685 0.0190304 0.280369 0.0477044 0.193195 0.275802 0.0100181 0.298401 0.284046 0.012129 0.0260179 0.132358 0.26786 0.0932549 0.0100181 0.00750856 0.214421 0.190717 0.38571 0.171801 0.202235 0.189322 0.19472 0.158087 0.177363 0.139784 0.0106538 0.167363 0.222548 0.286375 0.227707 0.0936042 0.0307186 0.00709365 0.0224388 0.194456 0.223007 0.00360263
0.0753578 0.0220704 0.237234 0.0013014 0.00218699 0.0187742 0.0533101 0.00176569 0.0471247 0.237234 0.0368398 0.00222138 0.0616754 0.188192 0.0517408 0.00308487 0.131972 0.00965366 0.0519496 0.107754 0.00123939 0.105881 0.13789 0.00181255 0.00515744 0.0273962 0.104689 0.020826 0.00123939 0.000904174 0.0583684 0.0404644 0.088509 0.0485662 0.0459779 0.071669 0.0481318 0.0294361 0.0276133 0.037816 0.00128536 0.0230868 0.0778269 0.191669 0.0639183 0.014007 0.00603719 0.00084384 0.00354453 0.0297613 0.0805753 0.00036148
0.0772377 0.268819 0.0266051 0.00209023 0.00329088 0.0235015 0.0540378 0.0027185 0.125541 0.0266051 0.0791813 0.00333785 0.0859001 0.0435942 0.0890762 0.00433916 0.0528631 0.0164915 0.0696082 0.0723094 0.00198673 0.0375313 0.0521151 0.00263448 0.00679213 0.0416449 0.076125 0.0456489 0.00198673 0.00150896 0.097752 0.115398 0.0535192 0.0462251 0.102752 0.0673777 0.178881 0.15675 0.150865 0.0714936 0.00212459 0.112368 0.0741523 0.0459556 0.0730382 0.480962 0.00849526 0.0014306 0.00492999 0.0865233 0.03833 0.000675177
