0 0 0 0 0 0 0 0 0 0 0 0 0 0 1 0 0 1 0 0 1 0 0 0 0 0 0 0 0 0 0 0 0 0 0 0 0 0 0 0 0 0 0 0 0 1 0 0 0 0 0 0 0 0 0 0 0 0 0 0 0 0 0.00132472 0 0 0.160665 0 0 0 5.7922e-05 0 0 0 0 0 0 0 0.00430108 0 0 0.242543 0 0 0.0112086 0 0 0 0 0 0 0.00339395 0.00146043 0 0 0 0 0 0 0.0288611 0.000521157 0.0837065 0.0176049 0.000881176 0 0.00554847 1.60668e-05 0 0 0 0 0 0 0 0.328803 0 0 0 0 0 0 0 3.70291e-05 0 0
0 0 0 0 0 0 0 0 0 0 0 0 0 0 1 0 0 1 0 0 1 0 0 0 0 0 0 0 0 0 0 0 0 0 0 0 0 0 0 0 0 0 0 0 0 1 0 0 0 0 0 0 0 0 0 0 0 0 0 0 0 0 0.184425 0.99945 0.193196 0.16151 0 0 0 0.750099 0.111636 0 0.163544 0 0 0 0 0.287386 0.05953 0 0.242943 0.471552 0 0.168168 0 0 0.220794 0 0 0 0.569248 0.242078 0.700538 0 0 0.167706 0.184293 0 1 0.140717 0.0865227 0.412226 1 0 0.234779 0.250543 0.147242 0 0 0 0 0 0.0799519 0.336232 0.272502 0 0 0 0 0 0 0.207982 0 0.157841
0 0 0 0 0 0 0 0 0 0 0 0 0 0 1 0 0 1 0 0 1 0 0 0 0 0 0 0 0 0 0 0 0 0 0 0 0 0 0 0 0 0 0 0 0 1 0 0 0 0 0 0 0 0 0 0 0 0 0 0 0 0 0.184137 0.143955 0.193196 0.161501 0 0 0 0.750095 0.111636 0 0.163544 NaN NaN 0 0 0.287374 0.05953 NaN 0.242943 0.471552 NaN 0.168168 NaN 0 0.220794 NaN NaN NaN 0.569248 0.242078 0.693253 NaN 0 0.167706 0.184293 0 1 0.140717 0.0865227 0.412226 0.999993 NaN 0.234779 0.249648 0.147242 0 NaN NaN 0 0 0.0799519 0.331375 0.272502 0 0 NaN NaN NaN NaN 0.207982 0 0.157841
0 0 0 0 0 0 0 0 0 0 0 0 0 0 1 0 0 1 0 0 1 0 0 0 0 0 0 0 0 0 0 0 0 0 0 0 0 0 0 0 0 0 0 0 0 1 0 0 0 0 0 0 0 0 0 0 0 0 0 0 0 0 0.171128 0.0759073 0.193196 0.151621 0 0 0 0.750182 0.111636 0 0.163544 NaN 0 0 0 0 0.05953 NaN 0.240617 0.471552 NaN 0.168168 NaN 0 0.220653 NaN NaN NaN 0.558283 0.239687 0 NaN 0 0.00300973 0.184292 0 0.999902 0.127236 0.0865227 0.412226 0.998263 NaN 0.234779 0.236581 0.147242 0 NaN NaN 0 0 0.0799519 0.327065 0.271114 0 0 NaN NaN NaN NaN 0.207922 0 0.15616
0 0 0 0 0 0 0 0 0 0 0 0 0 0 1 0 0 1 0 0 1 0 0 0 0 0 0 0 0 0 0 0 0 0 0 0 0 0 0 0 0 0 0 0 0 1 0 0 0 0 0 0 0 0 0 0 0 0 0 0 0 0 0.171128 0.0754317 0.193196 0.160598 0 0 0 0.749119 0.111603 0 0.163544 NaN 0 0 0 0 0.05953 NaN 0.240591 0.471552 NaN 0.168168 NaN 0 0.220591 NaN NaN NaN 0.520492 0.239663 0.670629 NaN 0 0 0.184292 0 1 0.00153263 0.0865221 0.412226 0.993402 NaN 0 0.00219088 0.147242 0 NaN NaN 0 0 0.0799519 0.327068 0.271159 0 0 NaN NaN NaN NaN 0.207928 0 0.157413
0 0 0 0 0 0 0 0 0 0 0 0 0 0 1 0 0 1 0 0 1 0 0 0 0 0 0 0 0 0 0 0 0 0 0 0 0 0 0 0 0 0 0 0 0 1 0 0 0 0 0 0 0 0 0 0 0 0 0 0 0 0 0.17098 0.0785876 0.193196 0.16048 0 0 0 0.0211195 0.111126 NaN 0.00582879 NaN 0 0 0 0.00723606 0.0581276 NaN 0.242509 0.456598 NaN 0.167742 NaN 0 0.220643 NaN NaN NaN 0.554653 0.00579143 0.000112204 NaN 0 0.00965423 0.184293 0 0.997447 0.126331 0.0835549 0.412226 1 NaN 0.234749 0.00553509 0.147242 NaN NaN NaN 0 0 0.0799519 0.327126 0.268825 0 0 NaN NaN NaN NaN 0.198014 0 0.154097
0 0 0 0 0 0 0 0 0 0 0 0 0 0 1 0 0 1 0 0 1 0 0 0 0 0 0 0 0 0 0 0 0 0 0 0 0 0 0 0 0 0 0 0 0 1 0 0 0 0 0 0 0 0 0 0 0 0 0 0 0 0 0 0.0804126 0 0.16095 0 0 0 0.750346 0.111636 0 0.14556 NaN 0 0 0 0.00428925 0 NaN 0.240709 0.470762 NaN 0.00826857 NaN 0 0.207458 NaN NaN NaN 0.556958 0.236131 0 NaN 0 6.73e-06 0.176963 0 0.97647 0.00182599 0.0837364 0 0.0149835 NaN 0.00373073 0.236604 0.00389655 0 NaN NaN 0 0 0.0007471 0.32882 0 0 0 NaN NaN NaN NaN 0.207982 0 0.0100121
0 0 0 0 0 0 0 0 0 0 0 0 0 0 1 0 0 1 0 0 1 0 0 0 0 0 0 0 0 0 0 0 0 0 0 0 0 0 0 0 0 0 0 0 0 1 0 0 0 0 0 0 0 0 0 0 0 0 0 0 0 0 0.184138 0.12602 0.193196 0.161492 0 0 0 0.750179 0.111636 0 0.163544 NaN NaN 0 NaN 0.287386 0.05953 NaN 0.242943 0.471552 NaN 0.168168 NaN 0 0.220794 NaN NaN NaN 0.569248 0.242078 0.628264 NaN NaN 0.0100047 0.184292 0 0.999909 0.140711 0.0865227 0.412226 0.999948 NaN 0.234779 0.249917 0.147242 0 NaN NaN 0 0 0.0799519 0.336213 0.272502 NaN 0 NaN NaN NaN NaN 0.207923 0 0.157841
0 0 0 0 0 0 0 0 0 0 0 0 0 0 1 0 0 1 0 0 1 0 0 0 0 0 0 0 0 0 0 0 0 0 0 0 0 0 0 0 0 0 0 0 0 1 0 0 0 0 0 0 0 0 0 0 0 0 0 0 0 0 0.0012198 0 0.0032709 0.152163 0 0 0 0.00262458 0.111636 0 0 NaN 0 0 0 0.00419865 0.05953 NaN 0.242525 0 NaN 0.0110711 NaN 0 1.02318e-05 NaN NaN NaN 0.0207629 0.00145194 0 NaN NaN 0 0.00632318 0 0.950917 0.000905421 0.0865227 0.0175628 0 NaN 9.7838e-06 0.00713606 0 0 NaN NaN 0 0 0 0.328753 0 0 0 NaN NaN NaN NaN 0 0 1.4592e-06
0 0 0 0 0 0 0 0 0 0 0 0 0 0 1 0 0 1 0 0 1 0 0 0 0 0 0 0 0 0 0 0 0 0 0 0 0 0 0 0 0 0 0 0 0 1 0 0 0 0 0 0 0 0 0 0 0 0 0 0 0 0 0.171249 0.0765284 0.193196 0.161507 0 0 0 0.750118 0.111636 0 0.163544 NaN NaN 0 0 0.287386 0.05953 NaN 0.240621 0.471552 NaN 0.168168 NaN 0 0.220579 NaN NaN NaN 0.520801 0.241924 0.669761 NaN 0 0.167706 0.184293 0 1 0.140717 0.0865226 0.412226 0.993665 NaN 0 0.250543 0.147242 0 NaN NaN 0 0 0.0799519 0.327098 0.27118 0 0 NaN NaN NaN NaN 0.207929 0 0.157841
0 0 0 0 0 0 0 0 0 0 0 0 1 0 0 0 0 1 0 0 0 0 0 0 0 0 0 0 0 0 0 0 0 1 0 0 0 0 0 1 0 0 1 0 0 1 1 0 0 0 0 0 0 0 0 0 0 0 1 0 0 1 0 0.653577 0.000552899 0.00647934 NaN NaN 0 0.00146577 0.00104031 0 0 0 0 0 1.59113e-05 0 0.2423 0 0 8.39177e-06 0.00338241 0.195613 NaN NaN 1.653e-05 0 0 0 0 0.0203125 0 0 0 NaN 0 0 0.544348 0 9.79123e-05 NaN 0.0456341 0 0 0.000519625 0.00451 0 0 0.0112164 0 0 0.00184027 0 0.000105514 0 0 NaN NaN 0.00305188 0 0 NaN 0
0 0 0 0 0 0 0 0 0 0 0 0 1 0 0 0 0 1 0 0 0 0 0 0 0 0 0 0 0 0 0 0 0 1 0 0 0 0 0 1 0 0 1 0 0 1 1 0 0 0 0 0 0 0 0 0 0 0 1 0 0 1 0.392339 0.670272 0.557377 0.314269 NaN NaN NaN 0.561326 0.52904 0 0.573547 0 NaN NaN 0.454304 0.540095 0.24312 0 0 0.154597 0.164808 0.199477 NaN NaN 0.344614 0 NaN NaN 0.463409 0.482046 0.672977 NaN 0 NaN 0.366264 0 0.583481 0.447633 0.326381 NaN 0.791757 0 0 0.342588 0.385312 NaN NaN 0.576276 NaN 0.628594 0.25386 0.412675 0.165965 0.656948 0 NaN NaN 0.319247 0 0 NaN NaN
0 0 0 0 0 0 0 0 0 0 0 0 1 0 0 0 0 1 0 0 0 0 0 0 0 0 0 0 0 0 0 0 0 1 0 0 0 0 0 1 0 0 1 0 0 1 1 0 0 0 0 0 0 0 0 0 0 0 1 0 0 1 0.0143948 0.653546 0.557321 0.314269 NaN NaN NaN 0.504536 0.524896 0 0.0119756 0 NaN NaN 0.0737004 0.0423563 0.243119 0 0 0.154597 0.158726 0.199343 NaN NaN 9.89189e-06 0 NaN NaN 0.463409 0 0.672977 NaN 0 NaN 0.366264 0 0.545758 0.428277 0.326166 NaN 0.0291488 0 0 0.00790572 0.385302 NaN NaN 0.576276 NaN 0.625235 0.25386 0.000194188 0.165965 0.656948 0 NaN NaN 0.0110733 0 0 NaN NaN
0 0 0 0 0 0 0 0 0 0 0 0 1 0 0 0 0 1 0 0 0 0 0 0 0 0 0 0 0 0 0 0 0 1 0 0 0 0 0 1 0 0 1 0 0 1 1 0 0 0 0 0 0 0 0 0 0 0 1 0 0 1 0.395505 0.653241 0.557327 0.314269 NaN NaN NaN 0.533583 0.52778 0 0.563831 0 NaN NaN 0.063378 0.0410631 0.24312 0 0 0.154597 0.157057 0.199477 NaN NaN 0 NaN NaN NaN 0.463409 0 0.672977 NaN NaN NaN 0.366264 0 0.545741 0.44585 0.326154 NaN 0.747126 0 0 0.0183351 0.384692 NaN NaN 0.576276 NaN 0.628594 0.25386 0.00496044 0.165965 0.656948 0 NaN NaN 0.0154061 0 0 NaN NaN
0 0 0 0 0 0 0 0 0 0 0 0 1 0 0 0 0 1 0 0 0 0 0 0 0 0 0 0 0 0 0 0 0 1 0 0 0 0 0 1 0 0 1 0 0 1 1 0 0 0 0 0 0 0 0 0 0 0 1 0 0 1 0.394042 0.670272 0.557375 0.314269 NaN NaN NaN 0.561081 0.528899 0 0.517436 0 NaN NaN 0.454304 0.540095 0.24312 0 NaN 0.154597 0.164682 0.199477 NaN NaN 0.344614 0 NaN NaN 0.463409 0.461834 0.672977 NaN 0 NaN 0.366264 0 0.583481 0.440473 0.326382 NaN 0.791757 0 0 0.342588 0.385312 NaN NaN 0.576276 NaN 0.628594 0.25386 0.412391 0.165965 0.656948 0 NaN NaN 0.319247 0 0 NaN NaN
0 0 0 0 0 0 0 0 0 0 0 0 1 0 0 0 0 1 0 0 0 0 0 0 0 0 0 0 0 0 0 0 0 1 0 0 0 0 0 1 0 0 1 0 0 1 1 0 0 0 0 0 0 0 0 0 0 0 1 0 0 1 0.392314 0.670272 0.557375 0.314269 NaN NaN NaN 0.561081 0.528899 0 0.505704 0 NaN NaN 0.0728932 0.540106 0.24312 0 NaN 0.154597 0.159644 0.199477 NaN NaN 0.344614 NaN NaN NaN 0.463409 0.461836 0.672977 NaN NaN NaN 0.366264 0 0.582843 0.445902 0.326382 NaN 0.791719 0 0 0.342587 0.385312 NaN NaN 0.576276 NaN 0.628594 0.25386 0.412432 0.165965 0.656948 0 NaN NaN 0 0 0 NaN NaN
0 0 0 0 0 0 0 0 0 0 0 0 1 0 0 0 0 1 0 0 0 0 0 0 0 0 0 0 0 0 0 0 0 1 0 0 0 0 0 1 0 0 1 0 0 1 1 0 0 0 0 0 0 0 0 0 0 0 1 0 0 1 0.392335 0.670238 0.557327 0.314269 NaN NaN NaN 0.561119 0.527776 0 0.573354 0 NaN NaN 0.0892142 0.0629002 0.24312 0 0 0.154597 0.159702 0.199477 NaN NaN 0 NaN NaN NaN 0.463409 0.483646 0.672977 NaN NaN NaN 0.366264 0 0.545817 0.445964 0.32638 NaN 0.745076 0 0 0.00424583 0.385312 NaN NaN 0.576276 NaN 0.628594 0.25386 0.410247 0.165965 0.656948 0 NaN NaN 0.0109054 0 0 NaN NaN
0 0 0 0 0 0 0 0 0 0 0 0 1 0 0 0 0 1 0 0 0 0 0 0 0 0 0 0 0 0 0 0 0 1 0 0 0 0 0 1 0 0 1 0 0 1 1 0 0 0 0 0 0 0 0 0 0 0 1 0 0 1 1.63979e-06 0.653386 0.563259 0.0247677 NaN NaN NaN 0.517582 0.529041 0 0.0186597 0 NaN NaN 0.0702272 0.0437302 0.243098 NaN 0 0.154597 0.156426 0.199307 NaN NaN 5.39925e-07 0 NaN NaN 0.454176 0 0 NaN 0 NaN 0.366264 0 0.545493 0.0261723 0.00553083 NaN 0.0433054 0 0 0.00784638 0.385312 NaN NaN 0.574994 NaN 0.628594 0.244801 0.00614072 0.157962 0.654415 NaN NaN NaN 0.01067 0 0 NaN NaN
0 0 0 0 0 0 0 0 0 0 0 0 1 0 0 0 0 1 0 0 0 0 0 0 0 0 0 0 0 0 0 0 0 1 0 0 0 0 0 1 0 0 1 0 0 1 1 0 0 0 0 0 0 0 0 0 0 0 1 0 0 1 0.392308 0.670238 0.557375 0.314269 NaN NaN NaN 0.561081 0.528892 0 0.519001 0 NaN NaN 0.0826622 0.531875 0.24312 0 NaN 0.154597 0.15959 0.199477 NaN NaN 0 NaN NaN NaN 0.463409 0.483646 0.672977 NaN NaN NaN 0.366264 0 0.582885 0.445925 0.326382 NaN 0.791718 0 0 0.342702 0.385312 NaN NaN 0.576276 NaN 0.628594 0.25386 0.41243 0.165965 0.656948 0 NaN NaN 0.00362956 0 0 NaN NaN
0 0 0 0 0 0 0 0 0 0 0 0 1 0 0 0 0 1 0 0 0 0 0 0 0 0 0 0 0 0 0 0 0 1 0 0 0 0 0 1 0 0 1 0 0 1 1 0 0 0 0 0 0 0 0 0 0 0 1 0 0 1 0 0.653578 0.00282894 0.025222 NaN NaN NaN 0.516859 0.0162221 0 0.01959 0 NaN NaN 0.000725899 0.0470974 0.242308 NaN 0 0.00627898 0.156449 0.195555 NaN NaN 6.25943e-07 0 NaN NaN 0 0.0203943 0 NaN 0 NaN 0.000234789 0 0.544376 0.0271802 0.00556287 NaN 0.0456361 0 0 0.000691785 0.385312 NaN NaN 0.0319223 NaN 0.628594 0.00373506 0 0.0051053 0 NaN NaN NaN 0.00298864 0 0 NaN NaN
0 0 0 0 0 0 0 0 0 0 0 0 0 0 0 0 0 1 0 0 1 0 0 0 0 0 0 0 0 0 0 0 1 0 0 0 0 0 0 1 0 0 1 0 0 1 0 0 0 0 0 0 0 0 0 0 0 0 0 0 0 1 0.342379 0.703864 0.356318 0.0855755 0 0 0 0.319061 0.0449804 0.0987828 0.375936 0 NaN 0.139362 0.395809 0.512784 NaN 0 0.261961 0.168195 NaN 0.251399 0 NaN 0.304893 0 NaN NaN 0.457687 0.467754 0.702663 NaN 0 0.100899 NaN 0 0.58383 0.38468 0 NaN 0.684187 0 0 0.137823 0.316241 0 0 0.22898 0 NaN 0.0774154 0.364318 0.0506334 0.791818 NaN 0 0 0.323399 0 0.193791 0 0
0 0 0 0 0 0 0 0 0 0 0 0 0 0 0 0 0 1 0 0 1 0 0 0 0 0 0 0 0 0 0 0 1 0 0 0 0 0 0 1 0 0 1 0 0 1 0 0 0 0 0 0 0 0 0 0 0 0 0 0 0 1 0 0 0 0 0 0 NaN 0 0.0449804 0.00113528 3.49933e-05 0 NaN 0.000340039 0.000800937 0.00023069 NaN 0 0.000225121 0 NaN 0 0 NaN 0 NaN NaN NaN 0.423379 0 0.000145614 NaN 0 0 NaN 0 0.0143913 0.0164626 0 NaN 0.00912635 0 0 0 0.0364246 0 NaN 0 0 NaN 0.284304 0.00137098 0.0037084 0 NaN 0 0 0 0 0.00042521 NaN 0
0 0 0 0 0 0 0 0 0 0 0 0 0 0 0 0 0 1 0 0 1 0 0 0 0 0 0 0 0 0 0 0 1 0 0 0 0 0 0 1 0 0 1 0 0 1 0 0 0 0 0 0 0 0 0 0 0 0 0 0 0 1 0.342379 0 0.356318 0.0855755 NaN 0 NaN 0.312756 0.0449804 0.0987828 0.37524 0 NaN 0.0109561 0.364477 0.000180939 NaN 0 0 0.168195 NaN 0.209694 0 NaN 0.304872 NaN NaN NaN 0.431316 0 0.667314 NaN 0 0 NaN 0 0.58383 0.384674 NaN NaN 0.684187 NaN 0 0.133475 0.316241 0 NaN 0.228973 0 NaN 0.283413 0.364318 0.0506334 0.791818 NaN NaN 0 0.317465 NaN 0.0006777 NaN 0
0 0 0 0 0 0 0 0 0 0 0 0 0 0 0 0 0 1 0 0 1 0 0 0 0 0 0 0 0 0 0 0 1 0 0 0 0 0 0 1 0 0 1 0 0 1 0 0 0 0 0 0 0 0 0 0 0 0 0 0 0 1 0.00381968 0 0.348007 0 0 0 NaN 0.314959 0.0449804 0.00116429 0.370206 0 NaN 0.000270221 0 0 NaN 0 0.000229908 0.168195 NaN 0.251066 0 NaN 0 NaN NaN NaN 0.431899 0.00533618 0.670929 NaN 0 0 NaN 0 0.576432 0.38468 0 NaN 0.0220696 NaN 0 0 0.0319463 NaN NaN 0.0036992 0 NaN 0.284984 0.0376361 0.0058728 0.791818 NaN 0 0 0 0 1.84233e-05 NaN 0
0 0 0 0 0 0 0 0 0 0 0 0 0 0 0 0 0 1 0 0 1 0 0 0 0 0 0 0 0 0 0 0 1 0 0 0 0 0 0 1 0 0 1 0 0 1 0 0 0 0 0 0 0 0 0 0 0 0 0 0 0 1 0.342277 0 0.356318 0 NaN 0 NaN 0.313047 0.0449804 0.00157244 0.37554 0 NaN 0.00671528 0.364734 0.000184776 NaN 0 3.51666e-05 0.168195 NaN 0.213135 0 NaN 0.301073 NaN NaN NaN 0.45764 0.0056797 0.667408 NaN 0 0.0012932 NaN 0 0.551592 0.384674 0 NaN 0.659922 NaN 0 0.133619 0.316241 0 NaN 0.221076 0 NaN 0.28402 0.0391418 0.0506334 0.791818 NaN 0 0 0.00445615 0 0 NaN 0
0 0 0 0 0 0 0 0 0 0 0 0 0 0 0 0 0 1 0 0 1 0 0 0 0 0 0 0 0 0 0 0 1 0 0 0 0 0 0 1 0 0 1 0 0 1 0 0 0 0 0 0 0 0 0 0 0 0 0 0 0 1 0.34238 0.0306548 0.356318 0.0855755 NaN 0 NaN 0.312759 0.0449804 0.0987828 0.344222 0 NaN 0.0109728 0.384908 0.00934536 NaN 0 0.261961 0.168195 NaN 0.251141 0 NaN 0.304893 NaN NaN NaN 0.431766 0.461977 0.669501 NaN 0 0.100899 NaN 0 0.58383 0.38468 NaN NaN 0.684187 NaN 0 0.137759 0.316241 0 NaN 0.22898 0 NaN 0.0811999 0.362705 0.0506334 0.791818 NaN NaN 0 0.320299 NaN 0.193791 NaN 0
0 0 0 0 0 0 0 0 0 0 0 0 0 0 0 0 0 1 0 0 1 0 0 0 0 0 0 0 0 0 0 0 1 0 0 0 0 0 0 1 0 0 1 0 0 1 0 0 0 0 0 0 0 0 0 0 0 0 0 0 0 1 0.342383 0 0.347843 0 NaN 0 NaN 0.314961 0.0449804 0.00158962 0.369956 0 NaN 0.000240856 0.00427128 0.000191198 NaN 0 2.89258e-05 0.168195 NaN 0.251076 0 NaN 0 NaN NaN NaN 0.457687 0.00567728 0.667473 NaN 0 0.00135565 NaN 0 0.552433 0.38468 0 NaN 0.0171062 NaN 0 0.126971 0.316241 NaN NaN 0.21864 0 NaN 0.284051 0.039155 0.0102153 0.791818 NaN 0 0 0.00440204 0 3.31017e-10 NaN 0
0 0 0 0 0 0 0 0 0 0 0 0 0 0 0 0 0 1 0 0 1 0 0 0 0 0 0 0 0 0 0 0 1 0 0 0 0 0 0 1 0 0 1 0 0 1 0 0 0 0 0 0 0 0 0 0 0 0 0 0 0 1 0.342379 0.703864 0.356312 0.0855755 NaN 0 NaN 0.319061 0.0449804 0.0987828 0.375936 0 NaN 0.139266 0.395814 0.512784 NaN 0 0.261961 0.168195 NaN 0.251399 0 NaN 0.304893 NaN NaN NaN 0.457687 0.467754 0.702663 NaN 0 0.100899 NaN 0 0.58383 0.38468 0 NaN 0.684187 NaN 0 0.137823 0.316241 0 NaN 0.22898 0 NaN 0.0774154 0.364308 0.0506334 0.791818 NaN NaN 0 0.308671 NaN 0.193791 NaN 0
0 0 0 0 0 0 0 0 0 0 0 0 0 0 0 0 0 1 0 0 1 0 0 0 0 0 0 0 0 0 0 0 1 0 0 0 0 0 0 1 0 0 1 0 0 1 0 0 0 0 0 0 0 0 0 0 0 0 0 0 0 1 0.342379 0.703864 0.356318 0.0855755 NaN 0 NaN 0.319061 0.0449804 0.0987828 0.375936 0 NaN 0.13936 0.395814 0.512784 NaN 0 0.261961 0.168195 NaN 0.251399 0 NaN 0.304893 NaN NaN NaN 0.457687 0.467754 0.702663 NaN 0 0.100899 NaN 0 0.58383 0.38468 0 NaN 0.684187 NaN 0 0.137823 0.316241 0 NaN 0.22898 0 NaN 0.0774154 0.364318 0.0506334 0.791818 NaN NaN 0 0.323399 NaN 0.193791 NaN 0
0 0 0 0 0 0 0 0 0 0 0 0 0 0 0 0 0 1 0 0 1 0 0 0 0 0 0 0 0 0 0 0 1 0 0 0 0 0 0 1 0 0 1 0 0 1 0 0 0 0 0 0 0 0 0 0 0 0 0 0 0 1 0 0.000413922 0.000506568 0 0 0 NaN 0.308707 0.0449804 0.00128611 3.57175e-05 0 NaN 0.00608819 0.0204424 0.00023407 NaN 0 0.000526062 0.168195 NaN 0 0 NaN 0.00225958 NaN NaN NaN 0.423375 0.034129 0.00028721 NaN 0 0 NaN 0 0.0222063 0.0172986 0 NaN 0.00967021 NaN 0 1.81232e-07 0.316241 0 NaN 0.219845 NaN NaN 0.284991 0.036752 0.00370259 0 NaN 0 0 1.62376e-05 0 3.59536e-05 NaN NaN
0 0 0 0 0 0 0 0 0 0 0 0 0 0 0 0 0 0 0 0 1 0 0 0 0 0 0 0 0 0 0 0 1 0 0 0 0 0 0 0 0 0 1 0 0 1 0 0 0 0 0 0 0 0 1 1 0 0 0 0 0 1 8.36844e-07 0 0 0.076008 0 0 0 0 0.0443575 0.000921471 0.365811 0 0 0.00209871 0 0.0425503 0 0 0.00344424 0.00441331 0 0.00514636 0 NaN 0.300115 0 0 0 0.451721 0 0.00581388 0 NaN 0 NaN 0 0.0656051 0.000940481 0 0.396823 0.00110769 0 0 0 0.00693613 0 NaN 7.88391e-06 0 0 0.00402198 0 0.00114585 0 0 0 0 0 0 0 0 0
0 0 0 0 0 0 0 0 0 0 0 0 0 0 0 0 0 0 0 0 1 0 0 0 0 0 0 0 0 0 0 0 1 0 0 0 0 0 0 0 0 0 1 0 0 1 0 0 0 0 0 0 0 0 1 1 0 0 0 0 0 1 0.342383 0.719517 0.356318 0.0855755 0 0 0 0.599745 0.0449804 0.161526 0.375936 0 0 0.233254 0.400126 0.235347 0 0 0.261961 0.575648 0 0.251399 0 NaN 0.304893 0 0 0 0.457687 0.470199 0.338211 0 NaN 0.100899 NaN 0 0.58383 0.373818 0 0.399206 0.661241 0 0 0.137848 0.316241 0 NaN 0.22898 0 0 0.284991 0.336108 0.0506334 0.791818 0 0 0 0 0 0.193791 0 0
0 0 0 0 0 0 0 0 0 0 0 0 0 0 0 0 0 0 0 0 1 0 0 0 0 0 0 0 0 0 0 0 1 0 0 0 0 0 0 0 0 0 1 0 0 1 0 0 0 0 0 0 0 0 1 1 0 0 0 0 0 1 0.336405 0.719524 0.355577 0.0855755 NaN NaN 0 0.599745 0.0449804 0.161526 0.375936 0 0 0.233219 0.388956 0.234871 NaN NaN 0.261961 0.575648 NaN 0.251399 0 NaN 0.304893 0 0 NaN 0.451644 0 0.338211 NaN NaN 0.100899 NaN NaN 0.58383 0.374164 NaN 0.399206 0.661241 NaN 0 0.13783 0.316241 0 NaN 0.22898 0 0 0.284991 0.337143 0.0506334 0.791818 NaN NaN 0 NaN 0 0.193791 0 0
0 0 0 0 0 0 0 0 0 0 0 0 0 0 0 0 0 0 0 0 1 0 0 0 0 0 0 0 0 0 0 0 1 0 0 0 0 0 0 0 0 0 1 0 0 1 0 0 0 0 0 0 0 0 1 1 0 0 0 0 0 1 0.00319257 0.0177529 0.279192 0.0853182 NaN NaN 0 0 0.0449804 0.153268 0.365539 0 0 0.225601 0.01012 0.232024 NaN NaN 0.210009 0.0499583 NaN 0.251078 0 NaN 0.304752 0 0 NaN 0.457173 0 0.0115773 NaN NaN 0.096809 NaN NaN 0.0902615 0.0149324 0 0.399206 0.00187224 0 NaN 0.0160708 0.304818 0 NaN 0.228938 0 NaN 0.284991 0 0.00292589 0.000411479 NaN NaN 0 NaN 0 0.193791 0 0
0 0 0 0 0 0 0 0 0 0 0 0 0 0 0 0 0 0 0 0 1 0 0 0 0 0 0 0 0 0 0 0 1 0 0 0 0 0 0 0 0 0 1 0 0 1 0 0 0 0 0 0 0 0 1 1 0 0 0 0 0 1 0.00166774 0.713668 0.355586 0.0855755 NaN NaN 0 0.599745 0.0449804 0.158794 0.375936 0 0 0.232788 0.388959 0.245055 NaN NaN 0.261961 0.575648 NaN 0.251399 0 NaN 0.304893 0 0 NaN 0.451618 0 0.338211 NaN NaN 0.00344898 NaN NaN 0.0375471 0.374161 NaN 0.399206 0.661241 0 0 0.137126 0.316241 0 NaN 0.22898 0 0 0.284991 0 0.0506334 0.791818 NaN NaN 0 NaN 0 0.193791 0 0
0 0 0 0 0 0 0 0 0 0 0 0 0 0 0 0 0 0 0 0 1 0 0 0 0 0 0 0 0 0 0 0 1 0 0 0 0 0 0 0 0 0 1 0 0 1 0 0 0 0 0 0 0 0 1 1 0 0 0 0 0 1 0.333566 0.0854837 0.356174 0.0855755 NaN NaN 0 0.599745 0.0449804 0.161366 0.375719 0 0 0.2328 0.388862 0.244955 NaN NaN 0.257443 0.575648 NaN 0.251399 0 NaN 0.304767 0 0 NaN 0.45178 0 0.337746 NaN NaN 0.0900852 NaN NaN 0.0391792 0.36456 NaN 0.399206 0.661241 0 NaN 0.13711 0.316241 0 NaN 0.00869109 0 NaN 0.284991 0 0.0506334 0 NaN NaN 0 NaN 0 0.193791 0 0
0 0 0 0 0 0 0 0 0 0 0 0 0 0 0 0 0 0 0 0 1 0 0 0 0 0 0 0 0 0 0 0 1 0 0 0 0 0 0 0 0 0 1 0 0 1 0 0 0 0 0 0 0 0 1 1 0 0 0 0 0 1 0.00328694 0.0180275 0.305648 0.0854275 NaN NaN 0 0.517946 0.0449804 0.153588 0.365539 0 0 0.213957 0.380542 0.219331 NaN NaN 0.215191 0.575648 NaN 0.250175 0 NaN 0.30477 0 0 NaN 0.457342 0 0.0125907 NaN NaN 0.095745 NaN NaN 0.0901594 0.0144802 0 0.399206 0.661241 0 NaN 0.0160713 0.30009 0 NaN 0.227867 0 NaN 0.284991 0 0.0506334 0.000411167 NaN NaN 0 NaN 0 0.193791 0 0
0 0 0 0 0 0 0 0 0 0 0 0 0 0 0 0 0 0 0 0 1 0 0 0 0 0 0 0 0 0 0 0 1 0 0 0 0 0 0 0 0 0 1 0 0 1 0 0 0 0 0 0 0 0 1 1 0 0 0 0 0 1 0.333106 0.717558 0.356174 0.0855755 NaN NaN NaN 0.599745 0.0449804 0.161524 0.375715 0 0 0.232823 0.388099 0.245506 NaN NaN 0.261948 0.575648 NaN 0.251399 0 NaN 0.304887 0 0 NaN 0.457436 0.00166858 0.338211 NaN NaN 0.100899 NaN NaN 0.58383 0.373662 NaN 0.399206 0.661241 0 NaN 0.137839 0.316241 0 NaN 0.22898 0 NaN 0.284991 0.0152284 0.0506334 0.788027 NaN NaN 0 NaN 0 0.193791 0 0
0 0 0 0 0 0 0 0 0 0 0 0 0 0 0 0 0 0 0 0 1 0 0 0 0 0 0 0 0 0 0 0 1 0 0 0 0 0 0 0 0 0 1 0 0 1 0 0 0 0 0 0 0 0 1 1 0 0 0 0 0 1 0.00634438 0.0378783 0.355425 0.0854281 NaN NaN 0 0.599602 0.0449804 0.153599 0.365957 0 0 0.213905 0.379448 0.227908 NaN NaN 0.214643 0.575648 NaN 0.251399 0 NaN 0.30489 0 0 NaN 0.457325 0 0.338166 NaN NaN 0.10061 NaN NaN 0.58383 0.0241682 0 0.399206 0.661241 0 NaN 0.135322 0.30007 0 NaN 0.227853 0 NaN 0.284991 0.31819 0.0506334 0.788496 NaN NaN 0 NaN 0 0.193791 NaN 0
0 0 0 0 0 0 0 0 0 0 0 0 0 0 0 0 0 0 0 0 1 0 0 0 0 0 0 0 0 0 0 0 1 0 0 0 0 0 0 0 0 0 1 0 0 1 0 0 0 0 0 0 0 0 1 1 0 0 0 0 0 1 0 6.69544e-05 0.335399 0.0855755 NaN NaN 0 0.599745 0.0449804 0.00978459 0.365793 0 0 0.218757 0.389045 0.0554393 NaN NaN 0.215544 0.575648 NaN 0 0 NaN 0.303196 0 0 NaN 0.451837 0 0.328521 NaN NaN 0.0112283 NaN NaN 0.0666995 0.361134 0 0.390731 0.661241 0 0 0.0155157 0.0056332 0 NaN 0.0124867 0 0 0.284991 0 0.0506334 0.0422178 NaN NaN 0 NaN 0 0.193791 0 0
0 0 0 0 0 0 0 0 0 0 0 0 0 0 0 0 0 1 0 0 1 0 0 0 0 0 1 0 0 0 0 0 0 0 0 0 0 0 0 0 0 0 1 0 0 1 0 0 0 0 0 0 0 0 0 1 0 0 0 0 0 0 0.359312 0.0329754 0.363527 0.0892318 NaN NaN NaN 0.308334 0.048879 NaN 0.388027 NaN 0 NaN 0.418068 0.536641 NaN NaN 0.269298 0.160776 NaN 0.257705 NaN NaN 0.31176 0.258469 NaN 0.209582 0.483456 0.481783 0.708262 NaN 0 0.105109 0 NaN 0.72298 0.0492664 0 0.238343 0.761671 0 NaN 0.0629408 0.32497 0 NaN 0.250611 0 NaN 0.29422 0.366411 0.0529578 0.0685543 0 0 0 NaN NaN 0.205462 NaN 0.182651
0 0 0 0 0 0 0 0 0 0 0 0 0 0 0 0 0 1 0 0 1 0 0 0 0 0 1 0 0 0 0 0 0 0 0 0 0 0 0 0 0 0 1 0 0 1 0 0 0 0 0 0 0 0 0 1 0 0 0 0 0 0 0.0133944 0.0280925 0 0.0892318 NaN NaN NaN 0.159925 0.0488789 NaN 0.385784 NaN NaN 0 0.019417 0 NaN NaN 1.1703e-05 0 NaN 0.25594 NaN NaN 0.306642 0.25721 NaN 0.00499739 0.472934 0.000112399 0 NaN 0 0.000929853 0 NaN 0.651989 0.00529477 NaN 0.000498415 0 0 NaN 0.00166408 0.310763 0 NaN 0.23955 NaN NaN 0.000152585 1.22502e-06 0.0517106 0.00683408 0 0 0 NaN NaN 0.19386 NaN 0.182651
0 0 0 0 0 0 0 0 0 0 0 0 0 0 0 0 0 1 0 0 1 0 0 0 0 0 1 0 0 0 0 0 0 0 0 0 0 0 0 0 0 0 1 0 0 1 0 0 0 0 0 0 0 0 0 1 0 0 0 0 0 0 0.360798 0.03297 0.363527 0.0892318 NaN NaN NaN 0.17011 0.048879 NaN 0.388027 NaN 0 0 0.0186259 0.52306 NaN NaN 0.0138083 0.160776 NaN 0.255452 NaN NaN 0.306364 0.258469 NaN 0.209582 0.483416 0.47904 0.696926 NaN 0 0.00785778 0 NaN 0.668527 0.0492666 0 0.238343 0.761671 0 NaN 0.0580365 0.32497 0 NaN 0.239576 0 NaN 0.294222 0 0.0529578 0.0671945 0 0 0 NaN NaN 0.205462 NaN 0.182651
0 0 0 0 0 0 0 0 0 0 0 0 0 0 0 0 0 1 0 0 1 0 0 0 0 0 1 0 0 0 0 0 0 0 0 0 0 0 0 0 0 0 1 0 0 1 0 0 0 0 0 0 0 0 0 1 0 0 0 0 0 0 0.359738 0.0329754 0.361999 0.0892318 NaN NaN NaN 0.302416 0.048879 NaN 0.388027 NaN NaN NaN 0.0111629 0 NaN NaN 0.268518 0.160776 NaN 0.257667 NaN NaN 0.306479 0.258469 NaN 0.209582 0.472442 0.00699643 0.697236 NaN 0 0 0 NaN 0.646168 0.00246151 NaN 0.238343 0 0 NaN 0.058049 0.32497 0 NaN 0.250611 NaN NaN 0.297317 0.00192252 0.0529578 0.0653939 0 NaN 0 NaN NaN 0.205462 NaN 0.182651
0 0 0 0 0 0 0 0 0 0 0 0 0 0 0 0 0 1 0 0 1 0 0 0 0 0 1 0 0 0 0 0 0 0 0 0 0 0 0 0 0 0 1 0 0 1 0 0 0 0 0 0 0 0 0 1 0 0 0 0 0 0 0.358584 0.103271 0.0028009 0.0892318 NaN NaN NaN 0.305819 0.0488789 NaN 0.388023 NaN NaN NaN 0.00130887 0.0320537 NaN NaN 0.25292 0.158186 NaN 0.255918 NaN NaN 0.306634 0.258468 NaN 0.0222872 0.483318 0.00171713 0.704423 NaN 0 0.00699456 0 NaN 0.65327 0.00129349 NaN 0.238343 0 0 NaN 0 0.311789 0 NaN 0.240726 NaN NaN 0.00338175 2.30612e-06 0.0529578 0.00630229 0 0 0 NaN NaN 0.205462 NaN 0.182651
0 0 0 0 0 0 0 0 0 0 0 0 0 0 0 0 0 1 0 0 1 0 0 0 0 0 1 0 0 0 0 0 0 0 0 0 0 0 0 0 0 0 1 0 0 1 0 0 0 0 0 0 0 0 0 1 0 0 0 0 0 0 0.00397997 0.0381882 0.363527 0.0892318 NaN NaN NaN 0.308371 0.048879 NaN 0.388027 NaN NaN 0 0.0192901 0.0697508 NaN NaN 0.0239341 0.160776 NaN 0.255475 NaN NaN 0.306472 0.254726 NaN 0.209582 0.47298 0.0308156 0 NaN 0 0.00634775 0 NaN 0.669309 0.0492321 0 0.237183 0.761671 0 NaN 0.0584076 0.324036 0 NaN 0.250377 NaN NaN 0.294226 0 0.0529578 0.0672002 0 0 0 NaN NaN 0.20546 NaN 0.182651
0 0 0 0 0 0 0 0 0 0 0 0 0 0 0 0 0 1 0 0 1 0 0 0 0 0 1 0 0 0 0 0 0 0 0 0 0 0 0 0 0 0 1 0 0 1 0 0 0 0 0 0 0 0 0 1 0 0 0 0 0 0 0.359732 0.0329754 0.363527 0.0892318 NaN NaN NaN 0.308371 0.048879 NaN 0.388027 NaN 0 NaN 0.0115651 0.523239 NaN NaN 0.268257 0.160776 NaN 0.257705 NaN NaN 0.306471 0.258469 NaN 0.209582 0.483417 0.481663 0.69691 NaN 0 0.104642 0 NaN 0.668453 0.0492666 0 0.238343 0.761671 0 NaN 0.0580306 0.32497 0 NaN 0.250611 0 NaN 0.294222 0.00194698 0.0529578 0.0685543 0 NaN 0 NaN NaN 0.205462 NaN 0.182651
0 0 0 0 0 0 0 0 0 0 0 0 0 0 0 0 0 1 0 0 1 0 0 0 0 0 1 0 0 0 0 0 0 0 0 0 0 0 0 0 0 0 1 0 0 1 0 0 0 0 0 0 0 0 0 1 0 0 0 0 0 0 0.359312 0.0329754 0.363527 0.0892318 NaN NaN NaN 0.308332 0.048879 NaN 0.388027 NaN 0 NaN 0.405127 0.536641 NaN NaN 0.269298 0.160776 NaN 0.257705 NaN NaN 0.31176 0.258469 NaN 0.209582 0.483456 0 0.708262 NaN 0 0.104635 0 NaN 0.72298 0.0492664 0 0.238343 0.761671 0 NaN 0.0629408 0.32497 0 NaN 0.250611 0 NaN 0.29422 0.369595 0.0529578 0.0685543 0 0 0 NaN NaN 0.205462 NaN 0.182651
0 0 0 0 0 0 0 0 0 0 0 0 0 0 0 0 0 1 0 0 1 0 0 0 0 0 1 0 0 0 0 0 0 0 0 0 0 0 0 0 0 0 1 0 0 1 0 0 0 0 0 0 0 0 0 1 0 0 0 0 0 0 0.0132985 0.0334205 0.00581574 0.0892318 NaN NaN NaN 0.168177 0.048879 NaN 0.385784 NaN NaN 0 0.0190509 0.000543366 NaN NaN 0.000270707 0.160776 NaN 0.255924 NaN NaN 0.306765 0.25721 NaN 0.00291162 0.483456 0.00177956 0.00334577 NaN 0 0.00101197 0 NaN 0.646613 0.00266857 NaN 0.000472172 0.0131191 0 NaN 0.0554942 0.310759 0 NaN 0.239556 NaN NaN 0.00482831 1.20758e-06 0.0517143 0.0068938 0 0 0 NaN NaN 0.194416 NaN 0.182651
0 0 0 0 0 0 0 0 0 0 0 0 0 0 0 0 0 1 0 0 1 0 0 0 0 0 1 0 0 0 0 0 0 0 0 0 0 0 0 0 0 0 1 0 0 1 0 0 0 0 0 0 0 0 0 1 0 0 0 0 0 0 0.359299 0.0329754 0.363527 0.0892318 NaN NaN NaN 0.308368 0.048879 NaN 0.388027 NaN 0 NaN 0.418068 0.536641 NaN NaN 0.268221 0.160776 NaN 0.257705 NaN NaN 0.306557 0.258469 NaN 0.209582 0.483413 0.481662 0.697005 NaN 0 0.104633 0 NaN 0.669546 0.0492666 0 0.238343 0.761671 0 NaN 0.0629408 0.32497 0 NaN 0.250611 0 NaN 0.294222 0.00179764 0.0529578 0.0685543 0 NaN 0 NaN NaN 0.205462 NaN 0.182651
0 0 0 0 0 0 0 0 0 0 0 0 0 0 1 0 0 1 0 0 0 0 0 0 0 0 0 0 0 0 0 0 1 0 0 0 0 0 0 0 0 0 0 0 0 1 1 0 0 0 0 0 0 0 0 0 0 0 0 0 0 0 0 0 0 0.0779166 0 NaN 0 0 1.51293e-05 0 0 NaN NaN 0 NaN 0 0 0 0.23504 4.20734e-06 9.51922e-05 0 NaN 0 0 0 0 0 0 0 0 0 0 1.15342e-06 6.65271e-06 0 0 0 0 0 0 0 NaN 3.21402e-05 NaN 0 0 0 0 0.0143936 0 0.000526278 0 NaN NaN NaN 0 0 0 9.62754e-08 0 NaN
0 0 0 0 0 0 0 0 0 0 0 0 0 0 1 0 0 1 0 0 0 0 0 0 0 0 0 0 0 0 0 0 1 0 0 0 0 0 0 0 0 0 0 0 0 1 1 0 0 0 0 0 0 0 0 0 0 0 0 0 0 0 0.148309 0.749505 0 0.0779166 0 NaN 0 0.461101 0.0600387 0.0981826 0.153913 NaN NaN 0.138288 NaN 0.211443 0 0 0.235425 0.639272 0.11202 0.163374 NaN 0 0.215155 0 0 0 0.543946 0.122731 0.214818 0 NaN 0.245794 0.352741 0 0.722313 0.132024 0 0.406768 0.85926 0 NaN 0.286068 NaN 0 0 0 0 0.639706 0.0762175 0.327643 0.299537 NaN NaN NaN 0 0 0 0.185768 0 NaN
0 0 0 0 0 0 0 0 0 0 0 0 0 0 1 0 0 1 0 0 0 0 0 0 0 0 0 0 0 0 0 0 1 0 0 0 0 0 0 0 0 0 0 0 0 1 1 0 0 0 0 0 0 0 0 0 0 0 0 0 0 0 0.14795 0.668932 NaN 0.0779166 0 NaN 0 0.461089 0.0600387 0.0981037 0.153913 NaN NaN 0.137732 NaN 0.0360359 0 0 0.235391 0.639272 0.11202 0.00796779 NaN 0 0.199493 0 0 0 0.543948 0.122358 0.208366 0 NaN 0.00326975 0.352741 0 0.722313 0.132024 NaN 0.406768 0.859127 0 NaN 0.289871 NaN 0 0 0 0 0.639706 0.0762175 0.327605 0.287516 NaN NaN NaN NaN NaN 0 0.185768 0 NaN
0 0 0 0 0 0 0 0 0 0 0 0 0 0 1 0 0 1 0 0 0 0 0 0 0 0 0 0 0 0 0 0 1 0 0 0 0 0 0 0 0 0 0 0 0 1 1 0 0 0 0 0 0 0 0 0 0 0 0 0 0 0 0 0 0 0.0779166 0 NaN 0 0 0 0 0.00622473 NaN NaN 0 NaN 0 0 0 0.235043 0.626666 0 0 NaN 0 0 0 0 0 0.0152413 0 0 0 NaN 0 4.59818e-05 0 0.67766 0.132024 0 0.00108479 0 0 NaN 0.289173 NaN 0 NaN 0 0 0.639706 9.4083e-06 0.00356427 0.296972 NaN NaN NaN 0 0 0 9.7808e-08 0 NaN
0 0 0 0 0 0 0 0 0 0 0 0 0 0 1 0 0 1 0 0 0 0 0 0 0 0 0 0 0 0 0 0 1 0 0 0 0 0 0 0 0 0 0 0 0 1 1 0 0 0 0 0 0 0 0 0 0 0 0 0 0 0 0.148309 0.0139393 NaN 0.0779166 0 NaN 0 0.436477 0.00291085 0.0981826 0.151454 NaN NaN 0.00655487 NaN 0.0787178 0 0 0.235042 0 0 0 NaN 0 0 0 0 0 0.536067 0.122731 0.208497 0 NaN 5.88093e-05 0.352741 0 0.722313 4.09323e-05 NaN 0.406768 0.0367229 0 NaN 0.00932305 NaN 0 0 0 0 0.63214 0.00140145 0.318953 0.0147761 NaN NaN NaN NaN NaN 0 0 NaN NaN
0 0 0 0 0 0 0 0 0 0 0 0 0 0 1 0 0 1 0 0 0 0 0 0 0 0 0 0 0 0 0 0 1 0 0 0 0 0 0 0 0 0 0 0 0 1 1 0 0 0 0 0 0 0 0 0 0 0 0 0 0 0 0.148309 0.748588 NaN 0.0779166 0 NaN 0 0.461101 0.0600387 0.0981778 0.153913 NaN NaN 0.00837559 NaN 0.211443 0 NaN 0.235425 0.639272 0.11202 0.163374 NaN 0 0.215146 0 0 NaN 0.543948 0.122731 0.214816 0 NaN 0.245794 0.352741 0 0.722313 0.132024 NaN 0.406768 0.85926 0 NaN 0.288572 NaN NaN 0 0 0 0.639706 0.0762175 0.327643 0.299537 NaN NaN NaN NaN NaN 0 0.185768 NaN NaN
0 0 0 0 0 0 0 0 0 0 0 0 0 0 1 0 0 1 0 0 0 0 0 0 0 0 0 0 0 0 0 0 1 0 0 0 0 0 0 0 0 0 0 0 0 1 1 0 0 0 0 0 0 0 0 0 0 0 0 0 0 0 0.148309 0.749505 0 0.0779166 0 NaN 0 0.461101 0.0600387 0.0981826 0.153913 NaN NaN 0.138288 NaN 0.0361309 0 0 0.235425 0.639272 0.11202 0.163374 NaN 0 0.215155 0 0 0 0.543948 0.122731 0.214818 0 NaN 0.245794 0.352741 0 0.722313 0.132024 0 0.406768 0.85926 0 NaN 0.286076 NaN 0 0 0 0 0.639706 0.0762175 0.327643 0.299537 NaN NaN NaN 0 0 0 0.185768 0 NaN
0 0 0 0 0 0 0 0 0 0 0 0 0 0 1 0 0 1 0 0 0 0 0 0 0 0 0 0 0 0 0 0 1 0 0 0 0 0 0 0 0 0 0 0 0 1 1 0 0 0 0 0 0 0 0 0 0 0 0 0 0 0 0.148309 0.749505 NaN 0.0779166 0 NaN 0 0.461101 0.0600387 0.0981171 0.153913 NaN NaN 0.138288 NaN 0.0188679 0 NaN 0.235425 0.639272 0.11202 0.15497 NaN 0 0.215155 0 NaN NaN 0.543947 0.12273 0.214792 0 NaN 0.232316 0.352741 0 0.722313 0.132024 NaN 0.406768 0.85926 0 NaN 0.286068 NaN NaN 0 0 0 0.639706 0.0762175 0.327641 0.299537 NaN NaN NaN NaN 0 0 0.185768 NaN NaN
0 0 0 0 0 0 0 0 0 0 0 0 0 0 1 0 0 1 0 0 0 0 0 0 0 0 0 0 0 0 0 0 1 0 0 0 0 0 0 0 0 0 0 0 0 1 1 0 0 0 0 0 0 0 0 0 0 0 0 0 0 0 0.148309 0.674489 NaN 0.0779166 0 NaN 0 0.461101 0.0600387 0.0981089 0.153913 NaN NaN 0.0033815 NaN 0.0356078 0 NaN 0.235371 0.639272 0.11202 0.155178 NaN 0 0.214771 0 0 NaN 0.543948 0.12273 0.21464 0 NaN 0.232683 0.352741 0 0.722313 0.132024 NaN 0.406768 0.835178 0 NaN 0.289176 NaN NaN 0 0 0 0.639706 0.0762175 0.327606 0.299537 NaN NaN NaN NaN 0 0 0.185768 NaN NaN
0 0 0 0 0 0 0 0 0 0 0 0 0 0 1 0 0 1 0 0 0 0 0 0 0 0 0 0 0 0 0 0 1 0 0 0 0 0 0 0 0 0 0 0 0 1 1 0 0 0 0 0 0 0 0 0 0 0 0 0 0 0 0 0.654992 NaN 0.0779166 0 NaN 0 0.0246126 0.057143 0 0.0024589 NaN NaN 0.131178 NaN 0 0 NaN 0.235389 0.639272 0.11202 0.00852345 NaN 0 0.201237 0 0 0 0.00788093 0 0 0 NaN 0.00321209 0 0 0 0.131983 NaN 0 0.714389 0 NaN 0.280581 NaN 0 0 0 0 0.0219599 0.074816 0.00917761 0.27274 NaN NaN NaN NaN NaN 0 0.185768 0 NaN
0 0 0 0 0 0 0 0 0 0 0 0 0 0 0 0 0 0 0 0 0 0 0 0 1 0 0 0 0 0 0 0 0 0 0 1 0 1 0 0 0 0 0 0 0 0 0 1 0 0 0 0 1 1 0 0 1 1 1 0 1 1 0.348418 0.616203 0.304921 0 0 0.0154959 0.179636 0.448133 0.282277 0.424799 0.525874 0 0 0.435537 0.176231 0.431025 NaN 0 0.235733 0.0672058 0.21626 0.0851556 NaN 0.145634 NaN 0 0 0.570923 0.619591 0.510356 0 NaN 0.406145 0.269708 0 NaN 0.397105 0 0.188786 0.656232 0.338063 0 0.604782 0.298959 0.310545 0.120117 0 0 0 0 0.295277 0.288421 NaN 0 0.544256 0 0 NaN 0 0.0406628 NaN 0
0 0 0 0 0 0 0 0 0 0 0 0 0 0 0 0 0 0 0 0 0 0 0 0 1 0 0 0 0 0 0 0 0 0 0 1 0 1 0 0 0 0 0 0 0 0 0 1 0 0 0 0 1 1 0 0 1 1 1 0 1 1 0 2.80997e-06 0.264927 NaN NaN 0.000418838 0 0 0 0.0141899 0.0283134 NaN NaN 0.000659813 0.00313808 0.000936405 NaN NaN 0 0.000149132 0.000168449 0.0837489 NaN 0 NaN NaN 0 0.00471616 0.0476941 0.00522313 0 NaN 0.406145 0.267165 NaN NaN 0 NaN 0 0 2.85822e-06 0 2.21074e-06 0.00320919 0 0 0 0 NaN 0 0.00373337 0 NaN 0 0.00801782 0 NaN NaN 0 0.00040013 NaN NaN
0 0 0 0 0 0 0 0 0 0 0 0 0 0 0 0 0 0 0 0 0 0 0 0 1 0 0 0 0 0 0 0 0 0 0 1 0 1 0 0 0 0 0 0 0 0 0 1 0 0 0 0 1 1 0 0 1 1 1 0 1 1 0 0.0616771 0.304868 NaN NaN 0.0154959 0.178169 0.457221 0.319272 0.410202 0.49127 NaN NaN 0.426151 0.171485 0.025386 NaN NaN 0.235733 0.0672058 0.21629 0.0851033 NaN 0.145569 NaN NaN 0 0.570923 0.59528 0.0256811 0 NaN 0.406145 0.26959 NaN NaN 0.393576 NaN 0 0.656232 0.0394129 0 0.0940917 0.298167 0.310406 0.120012 0 0 NaN 0 0.295362 0.0201411 NaN NaN 0.544261 NaN NaN NaN 0 0.0406628 NaN NaN
0 0 0 0 0 0 0 0 0 0 0 0 0 0 0 0 0 0 0 0 0 0 0 0 1 0 0 0 0 0 0 0 0 0 0 1 0 1 0 0 0 0 0 0 0 0 0 1 0 0 0 0 1 1 0 0 1 1 1 0 1 1 2.11249e-06 0.590739 0.306676 NaN NaN 0.0154959 0 0.445027 0.0118072 0.411397 0.0275533 NaN NaN 0.0463974 0.00438588 0.00103546 NaN NaN 0.23004 0.0672058 0 0.0851379 NaN 0.00270304 NaN NaN 0 0.562614 0.0464776 0.049465 0 NaN 0.406145 0.269365 NaN NaN 0.397105 NaN 0.00202282 0.622164 0.338063 0 0 0.280779 0 0 0 0 NaN 0 0.00556717 0.013756 NaN 0 0 0 NaN NaN 0 0.0388364 NaN NaN
0 0 0 0 0 0 0 0 0 0 0 0 0 0 0 0 0 0 0 0 0 0 0 0 1 0 0 0 0 0 0 0 0 0 0 1 0 1 0 0 0 0 0 0 0 0 0 1 0 0 0 0 1 1 0 0 1 1 1 0 1 1 0.348418 0.624784 0.304921 0 0 0.0154959 0.179636 0.448011 0.282475 0.424799 0.525865 0 NaN 0.435537 0.176231 0.431026 NaN NaN 0.235733 0.0672058 0.216375 0.0851556 NaN 0.145634 NaN NaN 0 0.570923 0.619591 0.510356 0 NaN 0.406145 0.269708 0 NaN 0.393981 0 0.188764 0.656232 0.338063 0 0.604782 0.298959 0.310545 0.11997 0 0 NaN 0 0.295277 0.288031 NaN 0 0.544247 NaN NaN NaN 0 0.0406628 NaN 0
0 0 0 0 0 0 0 0 0 0 0 0 0 0 0 0 0 0 0 0 0 0 0 0 1 0 0 0 0 0 0 0 0 0 0 1 0 1 0 0 0 0 0 0 0 0 0 1 0 0 0 0 1 1 0 0 1 1 1 0 1 1 0.348418 0.00211398 0.304865 NaN NaN 0.0154959 0.00146822 0.457289 0.283449 0.424799 0.471681 NaN NaN 0.426274 0.171546 0 NaN NaN 0.235733 0.0672058 0.216051 0.0836734 NaN 0.143628 NaN NaN 0 0 0.595831 0.0258806 0 NaN 0.406145 0.269597 NaN NaN 0.397105 NaN 0.000695664 0.656232 0.0111183 0 0.595306 0.298495 0.310405 0.119967 0 0 NaN 0 0.287418 0.0205792 NaN NaN 0.544266 NaN NaN NaN 0 0.0406628 NaN NaN
0 0 0 0 0 0 0 0 0 0 0 0 0 0 0 0 0 0 0 0 0 0 0 0 1 0 0 0 0 0 0 0 0 0 0 1 0 1 0 0 0 0 0 0 0 0 0 1 0 0 0 0 1 1 0 0 1 1 1 0 1 1 0 8.65452e-05 0.265791 NaN NaN 0.000413741 0.00120333 0.443898 0.00488658 0.0218011 0.0295247 NaN NaN 0 0.170816 0.00923953 NaN NaN 0.230111 0.000149259 0.000103701 0.0837217 NaN 0.145634 NaN NaN 0 0.570712 0.0591732 0.00472878 0 NaN 0.406145 0.262734 NaN NaN 0.392848 NaN 0.0020842 0.0396579 0.338063 0 2.05247e-06 0 0.306988 0.00300732 0 0 NaN 0 0 0 NaN NaN 0.031546 NaN NaN NaN 0 0.0389458 NaN NaN
0 0 0 0 0 0 0 0 0 0 0 0 0 0 0 0 0 0 0 0 0 0 0 0 1 0 0 0 0 0 0 0 0 0 0 1 0 1 0 0 0 0 0 0 0 0 0 1 0 0 0 0 1 1 0 0 1 1 1 0 1 1 0.332145 0.587366 0.305177 NaN 0 0.0154959 0.179636 0.448009 0.319678 0.424773 0.525246 NaN NaN 0.418845 0.176227 0.429355 NaN NaN 0.235733 0.0672058 0.21637 0.0851556 NaN 0.144099 NaN NaN 0 0.570923 0.619591 0.039732 0 NaN 0.406145 0.26932 NaN NaN 0.393973 NaN 0.187644 0.656232 0.338062 0 0.0873125 0.298241 0.310545 0.117284 0 0 NaN 0 0.295259 0.287806 NaN NaN 0.544247 NaN NaN NaN 0 0.0406628 NaN NaN
0 0 0 0 0 0 0 0 0 0 0 0 0 0 0 0 0 0 0 0 0 0 0 0 1 0 0 0 0 0 0 0 0 0 0 1 0 1 0 0 0 0 0 0 0 0 0 1 0 0 0 0 1 1 0 0 1 1 1 0 1 1 0.000166313 0.587378 0.305181 NaN 0 0.0154959 0.179636 0.448134 0.319711 0.410216 0.491429 NaN NaN 0.419104 0.176227 0.024624 NaN NaN 0.235733 0.0672058 0.216277 0.0851556 NaN 0.145574 NaN NaN 0 0.570923 0.619591 0.0491766 0 NaN 0.406145 0.26933 NaN NaN 0.39369 NaN 0.187633 0.656232 0.338062 0 0.0856436 0.269334 0.310545 0.11721 0 0 NaN 0 0.295259 0.0149454 NaN 0 0.544261 0 NaN NaN 0 0.0406628 NaN NaN
0 0 0 0 0 0 0 0 0 0 0 0 0 0 0 0 0 0 0 0 0 0 0 0 1 0 0 0 0 0 0 0 0 0 0 1 0 1 0 0 0 0 0 0 0 0 0 1 0 0 0 0 1 1 0 0 1 1 1 0 1 1 0.348418 0.619013 0.305196 NaN NaN 0.0154959 0.179636 0.448134 0.282272 0.424799 0.525413 NaN NaN 0.435537 0.176227 0.0330662 NaN NaN 0.235733 0.0672058 0.216277 0.0851556 NaN 0.145634 NaN NaN 0 0.570923 0.619591 0.0493139 0 NaN 0.406145 0.269346 NaN NaN 0.393906 NaN 0.188786 0.656232 0.338063 0 0.603896 0.298959 0.310545 0.117208 0 0 NaN 0 0.295259 0.0204076 NaN NaN 0.544261 0 NaN NaN 0 0.0406628 NaN NaN
0 0 0 1 0 1 0 0 0 0 0 0 0 0 1 0 0 0 0 0 0 0 0 0 0 0 0 1 0 0 0 0 0 0 0 0 0 0 0 0 0 0 0 0 0 1 0 0 0 1 0 0 0 0 0 1 0 0 0 0 0 0 0 0 0 0 0 0 0 0 0 0 0 NaN 0 0 NaN 0 0 0 5.08556e-06 0.555789 6.35121e-05 0 NaN 0 0 0 0 NaN 4.60953e-05 0 0.0905263 0 NaN 0.00672376 0 0 0.815091 0 0 2.20472e-05 0 0.0172066 0 0 NaN 0 0 0.17272 0 0 0 0.0233563 0 NaN 0 NaN 0 0 NaN 0.0670087 NaN 0
0 0 0 1 0 1 0 0 0 0 0 0 0 0 1 0 0 0 0 0 0 0 0 0 0 0 0 1 0 0 0 0 0 0 0 0 0 0 0 0 0 0 0 0 0 1 0 0 0 1 0 0 0 0 0 1 0 0 0 0 0 0 0.150263 0.781264 0 0 0 0 0.537342 0.691754 0.134842 0.552761 0.155366 0 0 0.512224 NaN 0.511965 0 0.212362 0.236787 0.578622 0.477738 0.164277 NaN 0 0.216122 0 0 NaN 0.27456 0.123307 0.10148 0 0 0.247765 0.0281126 0 0.749281 0.492452 0 0.41037 0.576923 0.332119 0.213997 0.449753 NaN NaN 0.649088 0.179852 0 0 0.0768627 0.333695 0.301749 0 0.0934671 NaN 0 0.50675 0 0.0670087 NaN 0
0 0 0 1 0 1 0 0 0 0 0 0 0 0 1 0 0 0 0 0 0 0 0 0 0 0 0 1 0 0 0 0 0 0 0 0 0 0 0 0 0 0 0 0 0 1 0 0 0 1 0 0 0 0 0 1 0 0 0 0 0 0 0.150263 0.762917 0 0 0 0 0.537342 0.691754 0.134842 0.552761 0.155366 0 0 0.512224 NaN 0.511965 0 0.212362 0.236784 0.578622 0.477738 0.164277 NaN 0 0.216122 0 0 NaN 0.27456 0.123307 0.10148 0 NaN 0.247765 0.0281126 0 0.815091 0.492456 0 0.41037 0.576923 0.332119 0.213997 0.449753 NaN NaN 0.649088 0.179852 0 0 0.0768627 0 0.301749 0 0.092553 NaN 0 0.50675 NaN 0.0670087 NaN 0
0 0 0 1 0 1 0 0 0 0 0 0 0 0 1 0 0 0 0 0 0 0 0 0 0 0 0 1 0 0 0 0 0 0 0 0 0 0 0 0 0 0 0 0 0 1 0 0 0 1 0 0 0 0 0 1 0 0 0 0 0 0 0 0.763568 0 NaN 0 0 0.496202 0.678817 0.134842 0 0.155325 NaN 0 0.512224 NaN 0.511966 0 0.212362 0.234508 0.578622 0.0211225 0.158791 NaN 0 0.214591 0 0 NaN 0.27456 0.113048 0.101474 0 NaN 0.247765 0.0281126 0 0.815091 0.000888375 0 0.388225 0.00552395 0.33196 0.213847 0.449753 NaN NaN 0.649088 0.172718 0 0 0.0768627 0.00864037 0.293964 NaN 0 NaN 0 0 NaN 0.0670087 NaN 0
0 0 0 1 0 1 0 0 0 0 0 0 0 0 1 0 0 0 0 0 0 0 0 0 0 0 0 1 0 0 0 0 0 0 0 0 0 0 0 0 0 0 0 0 0 1 0 0 0 1 0 0 0 0 0 1 0 0 0 0 0 0 0.00314471 0.00142689 0 0 0 0 0 0.679328 0.00322807 0 0 NaN 0 0 NaN 0.49705 0 0.212362 0 0.555026 2.16503e-06 0.158809 NaN 0 0.00579328 0 0 NaN 0.247692 0 0.100373 0 NaN 0.0139957 0.0279578 0 0.815091 0 0 0.00598199 0.00579676 0.0289651 0.0151208 0 NaN NaN 0.0115325 0.17271 0 0 0 0.023256 0.0118295 NaN 0 NaN 0 0 NaN 0.0670087 NaN 0
0 0 0 1 0 1 0 0 0 0 0 0 0 0 1 0 0 0 0 0 0 0 0 0 0 0 0 1 0 0 0 0 0 0 0 0 0 0 0 0 0 0 0 0 0 1 0 0 0 1 0 0 0 0 0 1 0 0 0 0 0 0 0.150263 0.763595 0 0 0 0 0.536835 0.691754 0.134842 0.552194 0.155366 0 0 0.512224 NaN 0.511965 0 0.212362 0.236698 0.578622 0.477738 0.164277 NaN 0 0.216122 0 0 NaN 0.27456 0.113352 0.10148 0 NaN 0.247765 0.0281126 0 0.815091 0.492357 0 0.41037 0.576923 0.331966 0.213997 0.449753 NaN NaN 0.649088 0.179852 0 0 0.0768627 0.00857523 0.301749 0 0.0925209 NaN 0 0.504746 NaN 0.0670087 NaN 0
0 0 0 1 0 1 0 0 0 0 0 0 0 0 1 0 0 0 0 0 0 0 0 0 0 0 0 1 0 0 0 0 0 0 0 0 0 0 0 0 0 0 0 0 0 1 0 0 0 1 0 0 0 0 0 1 0 0 0 0 0 0 0.150263 0.76291 0 0 0 0 0.537342 0.691754 0.134842 0.552754 0.155366 0 0 0.512224 NaN 0.511965 0 0.212362 0.236783 0.578622 0.477738 0.164277 NaN 0 0.216122 0 0 NaN 0.27456 0.113198 0.10148 0 NaN 0.247765 0.0281126 0 0.815091 0.492455 0 0.41037 0.576923 0.332119 0.213997 0.449753 NaN NaN 0.649088 0.179852 0 0 0.0768627 0.00848155 0.301749 0 0.0925206 NaN 0 0.506743 NaN 0.0670087 NaN 0
0 0 0 1 0 1 0 0 0 0 0 0 0 0 1 0 0 0 0 0 0 0 0 0 0 0 0 1 0 0 0 0 0 0 0 0 0 0 0 0 0 0 0 0 0 1 0 0 0 1 0 0 0 0 0 1 0 0 0 0 0 0 0.150263 0.777203 0 0 0 0 0.0177185 0.691076 0.122891 0.0103183 0.155366 NaN 0 0.00214691 NaN 0 0 0.200568 0.231795 0.577988 0 0.000644601 NaN 0 0.0502304 0 0 NaN 0.261705 0.120176 0.0906085 0 NaN 0.020427 0.00101289 0 0.815091 0.484974 0 0.402382 0.0065789 0.0125226 0.213997 0.437895 NaN NaN 0.649088 0.172755 0 0 0 0.327281 0.00524049 NaN 0.00840595 NaN 0 0.00833791 NaN 0.0670087 NaN 0
0 0 0 1 0 1 0 0 0 0 0 0 0 0 1 0 0 0 0 0 0 0 0 0 0 0 0 1 0 0 0 0 0 0 0 0 0 0 0 0 0 0 0 0 0 1 0 0 0 1 0 0 0 0 0 1 0 0 0 0 0 0 0.150263 0.763203 0 NaN 0 0 0.535957 0.691754 0.134842 0.552183 0.155366 0 0 0.508602 NaN 0.511965 0 0.212362 0.2367 0.578622 0.372692 0.164254 NaN 0 0.216122 0 0 NaN 0.27456 0.11335 0.10148 0 NaN 0.247765 0.0281126 0 0.815091 0.492313 0 0.41037 0.576923 0.331966 0.213994 0.449753 NaN NaN 0.649088 0.179852 0 0 0.0768627 0.0110145 0.301749 0 0.0219647 NaN 0 0 NaN 0.0670087 NaN 0
0 0 0 1 0 1 0 0 0 0 0 0 0 0 1 0 0 0 0 0 0 0 0 0 0 0 0 1 0 0 0 0 0 0 0 0 0 0 0 0 0 0 0 0 0 1 0 0 0 1 0 0 0 0 0 1 0 0 0 0 0 0 0.146936 0.736156 0 NaN 0 0 0.00877569 0.691754 0.133804 0 0.155366 NaN 0 0 NaN 0 0 0.0085992 0 0.57813 0 0.0065363 NaN 0 0 0 0 NaN 0.271652 0.116307 0.0905939 0 NaN 0.24671 0.0266526 0 0.815091 0.00150329 0 0 0 0.0137614 0.00218914 0.449753 NaN NaN 0.615317 0.179852 0 0 0.0762289 0.0229313 0 NaN 0.0932081 NaN 0 0.495273 NaN 0.0670087 NaN 0
0 0 0 0 0 1 0 0 0 0 0 0 0 0 1 0 0 1 0 0 1 0 0 0 0 0 1 0 0 0 0 0 0 0 0 0 0 0 0 1 0 0 0 0 0 1 1 0 0 0 0 0 0 0 0 0 0 0 0 0 0 0 0 0 0 0 0 0 0 0 0 0 0 0 0 0 0 0 0 0 0 0 0 0 0 0 0 0 0 0 0 0 0 0 0 0 0 0 0 0 0 0 0 0 0 0 0 0 0 0 0 0 0 0 0 0 0 0 0 0 0 0 0 0
0 0 0 0 0 1 0 0 0 0 0 0 0 0 1 0 0 1 0 0 1 0 0 0 0 0 1 0 0 0 0 0 0 0 0 0 0 0 0 1 0 0 0 0 0 1 1 0 0 0 0 0 0 0 0 0 0 0 0 0 0 0 0.16041 0.55606 0.187267 0.158032 NaN 0 0.129629 0.461101 0.104 0.114586 0.155617 NaN NaN 0.0909796 0 0.272444 0.0575963 0 0.236787 0.200116 NaN 0.164277 0 NaN 0.216122 0.257731 NaN 0.207529 0.418219 0.236446 0.422801 0 0 0.162448 0.354539 NaN 0.735135 0.131112 0.0841342 NaN 0.833585 0.0375332 0.217036 0.237573 0.143568 NaN NaN 0 0 0.640029 0.0768627 0.329344 0.264115 NaN 0.124897 NaN NaN 0.374341 NaN 0.197569 NaN 0.154145
0 0 0 0 0 1 0 0 0 0 0 0 0 0 1 0 0 1 0 0 1 0 0 0 0 0 1 0 0 0 0 0 0 0 0 0 0 0 0 1 0 0 0 0 0 1 1 0 0 0 0 0 0 0 0 0 0 0 0 0 0 0 0.16042 0.55606 0.187267 0.158032 NaN 0 0.129629 0.461101 0.104 0.114586 0.155617 NaN NaN 0.0909796 0 0.272964 0.0575963 0 0.236787 0.200116 NaN 0.164277 NaN NaN 0.216122 0.257731 NaN 0.207529 0.418218 0.236446 0.422801 0 NaN 0.162448 0.354539 NaN 0.735135 0.131112 0.0841342 NaN 0.833585 0.0375332 0.217036 0.237755 0.143568 NaN NaN 0 NaN 0.640029 0.0768552 0.329322 0.264115 NaN 0.124897 NaN NaN 0.367531 NaN 0.197569 NaN 0.154145
0 0 0 0 0 1 0 0 0 0 0 0 0 0 1 0 0 1 0 0 1 0 0 0 0 0 1 0 0 0 0 0 0 0 0 0 0 0 0 1 0 0 0 0 0 1 1 0 0 0 0 0 0 0 0 0 0 0 0 0 0 0 0.160656 0.482726 0.187267 0.157883 NaN 0 0.129506 0.461101 0.104 0.114483 0.155617 NaN NaN 0.0909248 0 0.277187 0.0575963 0 0.236787 0.200116 NaN 0.164277 NaN NaN 0.216122 0.257731 NaN 0.207529 0.418117 0.236445 0.00933457 0 NaN 0.162219 0.354539 NaN 0.735087 0.131257 0.0841267 NaN 0.833584 0.0375332 0.216191 0.235126 0.143568 NaN NaN 0 NaN 0.64 0.0758625 0.020713 0.264115 NaN 0.124897 NaN NaN 0.00652634 NaN 0.197387 NaN 0.154145
0 0 0 0 0 1 0 0 0 0 0 0 0 0 1 0 0 1 0 0 1 0 0 0 0 0 1 0 0 0 0 0 0 0 0 0 0 0 0 1 0 0 0 0 0 1 1 0 0 0 0 0 0 0 0 0 0 0 0 0 0 0 0.160403 0.55606 0.187267 0.157539 NaN 0 0.129629 0 0.104 0.114506 0.155614 NaN NaN 0.090979 NaN 0.273144 0.00366593 NaN 0.234644 0.200115 NaN 0.163126 0 NaN 0.216122 0.257731 NaN 0.207529 0.387181 0.0108069 0.422801 0 0 0.162417 0.354544 NaN 0.735135 0.129946 0.0841342 NaN 0.00386092 0.0375332 0.217032 0.23756 0.143568 NaN NaN 0 NaN 0.627593 0.075764 0.000534412 0.264115 NaN 0.124897 NaN NaN 0.354522 NaN 0.197569 NaN 0.154145
0 0 0 0 0 1 0 0 0 0 0 0 0 0 1 0 0 1 0 0 1 0 0 0 0 0 1 0 0 0 0 0 0 0 0 0 0 0 0 1 0 0 0 0 0 1 1 0 0 0 0 0 0 0 0 0 0 0 0 0 0 0 0.160659 0.481629 0.187267 0.157542 NaN 0 0.129505 0.00202958 0.104 0.114505 0.155614 NaN NaN 0.090978 NaN 0.277278 0.0574729 NaN 0.234565 0.200115 NaN 0.163112 NaN NaN 0.216122 0.257731 NaN 0.207529 0.387334 0.00696576 0.0154106 0 NaN 0.162433 0.354539 NaN 0.735087 0.131247 0.0841271 NaN 0.0253785 0.0375332 0.216198 0.235221 0.143568 NaN NaN 0 NaN 0.640029 0.0757579 0.000644479 0.264115 NaN 0.124897 NaN NaN 0.0310327 NaN 0.197569 NaN 0.154145
0 0 0 0 0 1 0 0 0 0 0 0 0 0 1 0 0 1 0 0 1 0 0 0 0 0 1 0 0 0 0 0 0 0 0 0 0 0 0 1 0 0 0 0 0 1 1 0 0 0 0 0 0 0 0 0 0 0 0 0 0 0 0.00151765 0.000434522 0 0.153725 NaN 0 0 0.000482157 0.0983591 0.000983959 0.146814 NaN NaN 0.0900919 NaN 0.0263064 0 NaN 0.0201647 0.0113047 NaN 0.00199982 0 NaN 0 0.257731 NaN 0.00785733 0 0.0139138 0.0322728 0 0 0.0068661 0.00318783 NaN 0.726536 0.00292881 0.0802191 NaN 0.00141931 0.00133533 0 0.237104 0.00142505 NaN NaN 0 0 0.640029 0 0 0.25285 NaN 0.122318 NaN NaN 0.0160576 NaN 0 NaN 0.154145
0 0 0 0 0 1 0 0 0 0 0 0 0 0 1 0 0 1 0 0 1 0 0 0 0 0 1 0 0 0 0 0 0 0 0 0 0 0 0 1 0 0 0 0 0 1 1 0 0 0 0 0 0 0 0 0 0 0 0 0 0 0 0.160403 0.00041473 0.187267 0.150313 NaN 0 0.129629 0.0461976 0.102884 0.111196 0.155259 NaN NaN 0.090979 NaN 0.0263077 0.00241333 NaN 0.00185089 0.0162049 NaN 0.142106 0 NaN 0 0.257731 NaN 0.207529 0.39338 0.00200939 0 0 0 0.159333 0.352427 NaN 0.734161 0.0049094 0.00518222 NaN 0.020049 0.00672335 0.216337 0.235067 0.143568 NaN NaN 0 0 0.0572584 0.0757516 0 0.263267 NaN 0.0111204 NaN NaN 0.0324379 NaN 2.03187e-07 NaN 0.153073
0 0 0 0 0 1 0 0 0 0 0 0 0 0 1 0 0 1 0 0 1 0 0 0 0 0 1 0 0 0 0 0 0 0 0 0 0 0 0 1 0 0 0 0 0 1 1 0 0 0 0 0 0 0 0 0 0 0 0 0 0 0 0.154693 0.000449822 0.00234838 0.157896 NaN 0 0.12951 0.431475 0.0972506 0.000961026 0.150316 NaN NaN 0.0909615 NaN 0.0266744 0 NaN 0.0198914 0.200116 NaN 0.164277 0 NaN 0.00124699 0.257731 NaN 0.207529 0 0.0141494 0.0324545 0 0 0.161093 0.35168 NaN 0.735135 0.12881 0.0802798 NaN 0.00147652 0.0375332 0.00613301 0.235108 0.136738 NaN NaN 0 0 0.622272 0.0752371 0.0190828 0.247155 NaN 0.123882 NaN NaN 0.0156847 NaN 0 NaN 0.151795
0 0 0 0 0 1 0 0 0 0 0 0 0 0 1 0 0 1 0 0 1 0 0 0 0 0 1 0 0 0 0 0 0 0 0 0 0 0 0 1 0 0 0 0 0 1 1 0 0 0 0 0 0 0 0 0 0 0 0 0 0 0 0.160403 0.55606 0.187267 0.158032 NaN 0 0.129629 0.0563213 0.103997 0.111217 0.155253 NaN NaN 0.0909796 NaN 0.0274492 0.00218534 NaN 0.00366933 0.0206393 NaN 0.164277 0 NaN 0.000284716 0.257731 NaN 0.207529 0.394207 0.00214392 0.420195 0 0 0.162448 0.354548 NaN 0.73513 0.0119955 0.00465713 NaN 0.0145722 0.0375332 0.216336 0.237605 0.143234 NaN NaN 0 0 0.0571136 0.076855 0.319265 0.263275 NaN 0.124897 NaN NaN 0.0270505 NaN 0.00990093 NaN 0.154145
0 1 0 1 0 0 0 0 0 0 0 0 0 0 0 0 0 0 0 0 0 0 0 0 0 0 1 0 0 0 0 0 0 0 0 0 0 1 0 1 0 1 1 0 0 1 0 0 0 0 0 0 0 0 0 1 0 0 0 0 0 1 0 0 0 0 0 0 0 0.0118187 9.39448e-07 0.318027 0.00292619 0 0 6.10147e-06 0.00705912 0 0 0 0.00190128 0 0 0.000809266 NaN 0 0 0 0 0.000205633 0 0 0.0252996 0 0 0 0 0 0.536571 NaN 0 0 0.00602278 NaN 0 0.00330121 4.21194e-08 0 0 0 NaN 0 0.000222298 0.000328181 0 0 0 0 0 0 0 5.99725e-05 0 0
0 1 0 1 0 0 0 0 0 0 0 0 0 0 0 0 0 0 0 0 0 0 0 0 0 0 1 0 0 0 0 0 0 0 0 0 0 1 0 1 0 1 1 0 0 1 0 0 0 0 0 0 0 0 0 1 0 0 0 0 0 1 0.360803 0 0.379666 0 0 0 0.283215 0.721411 0.568837 0.345581 0.529533 0 0 0.312858 0.438206 0.536565 0 0.283387 0.228094 0.563347 0.505796 0.118128 0 0 0.235109 0.236621 0 0.0440345 0.372542 0.481783 0.246197 0 0 0.242828 0 0 0.531912 0 0 0 0.60318 0 0 0.383315 0.199752 0 0 0.547103 0 0 0.278523 0.339356 0.168769 0.469751 0.0743589 0 0 0.428927 0 0.0694998 0 0
0 1 0 1 0 0 0 0 0 0 0 0 0 0 0 0 0 0 0 0 0 0 0 0 0 0 1 0 0 0 0 0 0 0 0 0 0 1 0 1 0 1 1 0 0 1 0 0 0 0 0 0 0 0 0 1 0 0 0 0 0 1 0.355669 NaN 0 0 0 0 0.000242833 0 0 0.318027 0.484469 0 NaN 0 0 0.536641 0 0.277326 0.216272 0.553952 0.000245343 0.000566136 NaN 0 0.0118525 0.00103017 NaN 0.0440345 0 0.00785 0.0295543 NaN 0 0.00747631 0 0 0.536571 NaN 0 0 0.387779 NaN 0 0.00290793 0.000764201 NaN NaN 0 NaN 0 0.277901 0.000383593 0.165661 0 0.0743589 0 0 0 0 0 0 0
0 1 0 1 0 0 0 0 0 0 0 0 0 0 0 0 0 0 0 0 0 0 0 0 0 0 1 0 0 0 0 0 0 0 0 0 0 1 0 1 0 1 1 0 0 1 0 0 0 0 0 0 0 0 0 1 0 0 0 0 0 1 0.339009 NaN 0.379666 0 0 0 0.283215 0.721129 0.56744 0.317557 0.528895 0 NaN 0.307527 0.435144 0.536638 0 0.283387 0.228094 0.563347 0.505796 0.118128 NaN 0 0.235095 0.236621 NaN 0.0440345 0.372738 0.481783 0.246197 NaN 0 0.242828 0 0 0.532315 NaN 0 0 0.603148 NaN 0 0.379444 0.199752 NaN 0 0.531886 NaN 0 0.278523 0.339224 0.162511 0.469751 0.0743589 0 0 0.427513 0 0.0694998 0 0
0 1 0 1 0 0 0 0 0 0 0 0 0 0 0 0 0 0 0 0 0 0 0 0 0 0 1 0 0 0 0 0 0 0 0 0 0 1 0 1 0 1 1 0 0 1 0 0 0 0 0 0 0 0 0 1 0 0 0 0 0 1 0.36031 NaN 0.392323 0 0 0 0.00865865 0.697608 0.567509 0.344806 0.497987 0 NaN 0.30717 0 0.523515 0 0.283134 0.222486 0.563206 0.0839973 0.117981 NaN 0 0.000677266 0.236621 NaN 0.0440345 0.126296 0.000396086 0.246197 NaN 0 0.00389953 0 0 0.519314 NaN 0 0 0.0344903 NaN 0 0.00412963 0.199752 NaN NaN 0.526747 NaN 0 0.278523 0.00277011 0.168763 0.469558 0.0743569 0 0 0 0 0.0694998 0 0
0 1 0 1 0 0 0 0 0 0 0 0 0 0 0 0 0 0 0 0 0 0 0 0 0 0 1 0 0 0 0 0 0 0 0 0 0 1 0 1 0 1 1 0 0 1 0 0 0 0 0 0 0 0 0 1 0 0 0 0 0 1 0.338782 NaN 0.379672 0 0 0 0.283215 0.699387 0.567507 0.318963 0.498789 0 NaN 0.307866 0 0.536627 0 0.283123 0.222416 0.563234 0.0613116 0.118128 NaN 0 0.235094 0.236621 NaN 0.0440345 0.373336 0.0385475 0.246197 NaN 0 0.0167208 0 0 0.519032 NaN 0 0 0.397204 NaN 0 0.368721 0.199752 NaN NaN 0.52684 NaN 0 0.278523 0.00448833 0.161987 0.469751 0.0743006 0 NaN 4.95497e-05 0 0.0694998 0 0
0 1 0 1 0 0 0 0 0 0 0 0 0 0 0 0 0 0 0 0 0 0 0 0 0 0 1 0 0 0 0 0 0 0 0 0 0 1 0 1 0 1 1 0 0 1 0 0 0 0 0 0 0 0 0 1 0 0 0 0 0 1 0.35998 NaN 0.379317 0 0 0 0.00840758 0.697364 0.567503 0.318319 0.497987 0 NaN 0.307904 0 0.536178 0 0.283134 0.222425 0.563204 0.0828766 0.118125 NaN 0 0.235109 0.236621 NaN 0.0440345 0.120126 0.00800532 0.246197 NaN 0 0.00739048 0 0 0.519024 NaN 0 0 0.389851 NaN 0 0.0132883 0.199752 NaN NaN 0.526769 NaN 0 0.278523 0.00274082 0.168713 0.469751 0.0743017 0 0 0 0 0.0694998 0 0
0 1 0 1 0 0 0 0 0 0 0 0 0 0 0 0 0 0 0 0 0 0 0 0 0 0 1 0 0 0 0 0 0 0 0 0 0 1 0 1 0 1 1 0 0 1 0 0 0 0 0 0 0 0 0 1 0 0 0 0 0 1 0.3608 NaN 0.379666 0 0 0 0.283215 0.721411 0.568832 0.345581 0.529533 0 NaN 0.312858 0.438199 0.536565 0 0.283119 0.228094 0.563238 0.505796 0.118128 NaN 0 0.235109 0.236621 NaN 0.0440345 0.372541 0.481783 0.246197 NaN 0 0.242828 0 0 0.518561 NaN 0 0 0.592784 NaN 0 0.383315 0.199752 NaN 0 0.547103 NaN 0 0.278523 0.0625197 0.168769 0.469751 0.0743589 0 0 0.428918 0 0.0694998 NaN 0
0 1 0 1 0 0 0 0 0 0 0 0 0 0 0 0 0 0 0 0 0 0 0 0 0 0 1 0 0 0 0 0 0 0 0 0 0 1 0 1 0 1 1 0 0 1 0 0 0 0 0 0 0 0 0 1 0 0 0 0 0 1 0.338882 NaN 0.379675 0 0 0 0.283215 0.662771 0.567625 0.318963 0.528981 0 NaN 0.307866 0.00548424 0.536627 0 0.283124 0.228094 0.563234 0.505796 0.118128 NaN 0 0.235094 0.236621 NaN 0.0440345 0.373323 0.0390569 0.246197 NaN 0 0.00601064 0 0 0.518878 NaN 0 0 0.600457 NaN 0 0.368689 0.199752 NaN NaN 0.532113 NaN 0 0.278523 0.00326834 0.161983 0.469751 0.0743589 0 NaN 0.0109084 0 0.0694998 0 0
0 1 0 1 0 0 0 0 0 0 0 0 0 0 0 0 0 0 0 0 0 0 0 0 0 0 1 0 0 0 0 0 0 0 0 0 0 1 0 1 0 1 1 0 0 1 0 0 0 0 0 0 0 0 0 1 0 0 0 0 0 1 0.360676 NaN 0.379675 0 0 0 0.283215 0.661413 0.568832 0.345581 0.529533 0 NaN 0.312858 0.43836 0.536566 0 0.283121 0.228094 0.563231 0.505796 0.118128 NaN 0 0.235109 0.236621 NaN 0.0440345 0.372541 0.0183542 0.246197 NaN 0 0.242821 0 0 0.518476 NaN 0 0 0.592856 NaN 0 0.383273 0.199752 NaN 0 0.547103 NaN 0 0.278523 0.0423418 0.168769 0.469751 0.0743589 0 0 0.428918 0 0.0694998 NaN 0
